100
673547794
674102563
982988902
853126358
532657052
468017639
176529292
730741719
24995770
943346142
592234492
195214036
293206888
514393930
632451302
352143574
341218377
583092245
978440839
597948641
777166127
47810045
583010460
519037604
194534804
170470723
972972122
911051234
229830236
85790760
929379146
144501298
955888730
111774953
871841425
555514314
771852552
712663226
388942721
519426394
424749221
469800139
26148987
266877562
24540823
331947114
309516434
282805895
230189337
809307897
98144185
109786084
369494639
739020125
387108383
902483237
597104434
865486299
250951229
663215169
346572690
681946493
361088448
686518190
694102518
828295932
95723697
54251970
738329705
39876760
606825315
790464903
122205481
306899452
454343625
300264198
545087859
469871633
826056612
267125116
488586205
629550049
547608497
845585336
791591896
206549290
133303878
294732231
61930613
616255914
585597086
674556762
946654263
345006089
857555951
311347861
255238139
410945823
189323183
263955701
