[2, 1, 1, 2]
0   1   
1   0   

[3, 2, 3, 3]
0   1   1   
1   0   1   
1   1   0   

[4, 3, 6, 4]
0   1   1   1   
1   0   1   1   
1   1   0   1   
1   1   1   0   

[4, 2, 4, 8]
0   0   1   1   
0   0   1   1   
1   1   0   0   
1   1   0   0   

[formula is bad for: n=4, r=1, m=2, z=12]
[5, 4, 10, 5]
0   1   1   1   1   
1   0   1   1   1   
1   1   0   1   1   
1   1   1   0   1   
1   1   1   1   0   

[formula is bad for: n=5, r=2, m=5, z=15]
[6, 5, 15, 6]
0   1   1   1   1   1   
1   0   1   1   1   1   
1   1   0   1   1   1   
1   1   1   0   1   1   
1   1   1   1   0   1   
1   1   1   1   1   0   

[6, 4, 12, 12]
0   0   1   1   1   1   
0   0   1   1   1   1   
1   1   0   0   1   1   
1   1   0   0   1   1   
1   1   1   1   0   0   
1   1   1   1   0   0   

[6, 3, 9, 18]
0   0   0   1   1   1   
0   0   0   1   1   1   
0   0   0   1   1   1   
1   1   1   0   0   0   
1   1   1   0   0   0   
1   1   1   0   0   0   

[formula is bad for: n=6, r=2, m=6, z=24]
[formula is bad for: n=6, r=1, m=3, z=30]
[7, 6, 21, 7]
0   1   1   1   1   1   1   
1   0   1   1   1   1   1   
1   1   0   1   1   1   1   
1   1   1   0   1   1   1   
1   1   1   1   0   1   1   
1   1   1   1   1   0   1   
1   1   1   1   1   1   0   

[7, 4, 14, 21]
0   1   0   0   1   1   1   
1   0   0   0   1   1   1   
0   0   0   1   1   1   1   
0   0   1   0   1   1   1   
1   1   1   1   0   0   0   
1   1   1   1   0   0   0   
1   1   1   1   0   0   0   

[formula is bad for: n=7, r=2, m=7, z=35]
[8, 7, 28, 8]
0   1   1   1   1   1   1   1   
1   0   1   1   1   1   1   1   
1   1   0   1   1   1   1   1   
1   1   1   0   1   1   1   1   
1   1   1   1   0   1   1   1   
1   1   1   1   1   0   1   1   
1   1   1   1   1   1   0   1   
1   1   1   1   1   1   1   0   

[8, 6, 24, 16]
0   0   1   1   1   1   1   1   
0   0   1   1   1   1   1   1   
1   1   0   0   1   1   1   1   
1   1   0   0   1   1   1   1   
1   1   1   1   0   0   1   1   
1   1   1   1   0   0   1   1   
1   1   1   1   1   1   0   0   
1   1   1   1   1   1   0   0   

[8, 5, 20, 24]
0   1   0   0   1   1   1   1   
1   0   0   0   1   1   1   1   
0   0   0   1   1   1   1   1   
0   0   1   0   1   1   1   1   
1   1   1   1   0   1   0   0   
1   1   1   1   1   0   0   0   
1   1   1   1   0   0   0   1   
1   1   1   1   0   0   1   0   

[8, 4, 16, 32]
0   0   0   0   1   1   1   1   
0   0   0   0   1   1   1   1   
0   0   0   0   1   1   1   1   
0   0   0   0   1   1   1   1   
1   1   1   1   0   0   0   0   
1   1   1   1   0   0   0   0   
1   1   1   1   0   0   0   0   
1   1   1   1   0   0   0   0   

[formula is bad for: n=8, r=3, m=12, z=40]
[formula is bad for: n=8, r=2, m=8, z=48]
[formula is bad for: n=8, r=1, m=4, z=56]
[9, 8, 36, 9]
0   1   1   1   1   1   1   1   1   
1   0   1   1   1   1   1   1   1   
1   1   0   1   1   1   1   1   1   
1   1   1   0   1   1   1   1   1   
1   1   1   1   0   1   1   1   1   
1   1   1   1   1   0   1   1   1   
1   1   1   1   1   1   0   1   1   
1   1   1   1   1   1   1   0   1   
1   1   1   1   1   1   1   1   0   

[9, 6, 27, 27]
0   0   0   1   1   1   1   1   1   
0   0   0   1   1   1   1   1   1   
0   0   0   1   1   1   1   1   1   
1   1   1   0   0   0   1   1   1   
1   1   1   0   0   0   1   1   1   
1   1   1   0   0   0   1   1   1   
1   1   1   1   1   1   0   0   0   
1   1   1   1   1   1   0   0   0   
1   1   1   1   1   1   0   0   0   

[formula is bad for: n=9, r=4, m=18, z=45]
[formula is bad for: n=9, r=2, m=9, z=63]
[10, 9, 45, 10]
0   1   1   1   1   1   1   1   1   1   
1   0   1   1   1   1   1   1   1   1   
1   1   0   1   1   1   1   1   1   1   
1   1   1   0   1   1   1   1   1   1   
1   1   1   1   0   1   1   1   1   1   
1   1   1   1   1   0   1   1   1   1   
1   1   1   1   1   1   0   1   1   1   
1   1   1   1   1   1   1   0   1   1   
1   1   1   1   1   1   1   1   0   1   
1   1   1   1   1   1   1   1   1   0   

[10, 8, 40, 20]
0   0   1   1   1   1   1   1   1   1   
0   0   1   1   1   1   1   1   1   1   
1   1   0   0   1   1   1   1   1   1   
1   1   0   0   1   1   1   1   1   1   
1   1   1   1   0   0   1   1   1   1   
1   1   1   1   0   0   1   1   1   1   
1   1   1   1   1   1   0   0   1   1   
1   1   1   1   1   1   0   0   1   1   
1   1   1   1   1   1   1   1   0   0   
1   1   1   1   1   1   1   1   0   0   

[10, 7, 35, 30]
0   1   0   0   1   1   1   1   1   1   
1   0   0   0   1   1   1   1   1   1   
0   0   0   1   1   1   1   1   1   1   
0   0   1   0   1   1   1   1   1   1   
1   1   1   1   0   0   0   1   1   1   
1   1   1   1   0   0   0   1   1   1   
1   1   1   1   0   0   0   1   1   1   
1   1   1   1   1   1   1   0   0   0   
1   1   1   1   1   1   1   0   0   0   
1   1   1   1   1   1   1   0   0   0   

[10, 6, 30, 40]
0   1   1   0   0   0   1   1   1   1   
1   0   1   0   0   0   1   1   1   1   
1   1   0   0   0   0   1   1   1   1   
0   0   0   0   1   1   1   1   1   1   
0   0   0   1   0   1   1   1   1   1   
0   0   0   1   1   0   1   1   1   1   
1   1   1   1   1   1   0   0   0   0   
1   1   1   1   1   1   0   0   0   0   
1   1   1   1   1   1   0   0   0   0   
1   1   1   1   1   1   0   0   0   0   

[10, 5, 25, 50]
0   0   0   0   0   1   1   1   1   1   
0   0   0   0   0   1   1   1   1   1   
0   0   0   0   0   1   1   1   1   1   
0   0   0   0   0   1   1   1   1   1   
0   0   0   0   0   1   1   1   1   1   
1   1   1   1   1   0   0   0   0   0   
1   1   1   1   1   0   0   0   0   0   
1   1   1   1   1   0   0   0   0   0   
1   1   1   1   1   0   0   0   0   0   
1   1   1   1   1   0   0   0   0   0   

[formula is bad for: n=10, r=4, m=20, z=60]
[formula is bad for: n=10, r=3, m=15, z=70]
[formula is bad for: n=10, r=2, m=10, z=80]
[formula is bad for: n=10, r=1, m=5, z=90]
[11, 10, 55, 11]
0   1   1   1   1   1   1   1   1   1   1   
1   0   1   1   1   1   1   1   1   1   1   
1   1   0   1   1   1   1   1   1   1   1   
1   1   1   0   1   1   1   1   1   1   1   
1   1   1   1   0   1   1   1   1   1   1   
1   1   1   1   1   0   1   1   1   1   1   
1   1   1   1   1   1   0   1   1   1   1   
1   1   1   1   1   1   1   0   1   1   1   
1   1   1   1   1   1   1   1   0   1   1   
1   1   1   1   1   1   1   1   1   0   1   
1   1   1   1   1   1   1   1   1   1   0   

[11, 8, 44, 33]
0   1   0   0   1   1   1   1   1   1   1   
1   0   0   0   1   1   1   1   1   1   1   
0   0   0   1   1   1   1   1   1   1   1   
0   0   1   0   1   1   1   1   1   1   1   
1   1   1   1   0   1   0   0   1   1   1   
1   1   1   1   1   0   0   0   1   1   1   
1   1   1   1   0   0   0   1   1   1   1   
1   1   1   1   0   0   1   0   1   1   1   
1   1   1   1   1   1   1   1   0   0   0   
1   1   1   1   1   1   1   1   0   0   0   
1   1   1   1   1   1   1   1   0   0   0   

[formula is bad for: n=11, r=6, m=33, z=55]
[formula is bad for: n=11, r=4, m=22, z=77]
[formula is bad for: n=11, r=2, m=11, z=99]
[12, 11, 66, 12]
0   1   1   1   1   1   1   1   1   1   1   1   
1   0   1   1   1   1   1   1   1   1   1   1   
1   1   0   1   1   1   1   1   1   1   1   1   
1   1   1   0   1   1   1   1   1   1   1   1   
1   1   1   1   0   1   1   1   1   1   1   1   
1   1   1   1   1   0   1   1   1   1   1   1   
1   1   1   1   1   1   0   1   1   1   1   1   
1   1   1   1   1   1   1   0   1   1   1   1   
1   1   1   1   1   1   1   1   0   1   1   1   
1   1   1   1   1   1   1   1   1   0   1   1   
1   1   1   1   1   1   1   1   1   1   0   1   
1   1   1   1   1   1   1   1   1   1   1   0   

