[good, 3, 2, 3]
[good, 4, 3, 4]
[good, 4, 2, 8]
[good, 5, 4, 5]
[good, 6, 5, 6]
[good, 6, 4, 12]
[good, 6, 3, 18]
[good, 7, 6, 7]
[good, 7, 4, 21]
[good, 8, 7, 8]
[good, 8, 6, 16]
[good, 8, 5, 24]
[good, 8, 4, 32]
[good, 9, 8, 9]
[good, 9, 6, 27]
[good, 10, 9, 10]
[good, 10, 8, 20]
[good, 10, 7, 30]
[good, 10, 6, 40]
[good, 10, 5, 50]
[good, 11, 10, 11]
[good, 11, 8, 33]
[good, 12, 11, 12]
[good, 12, 10, 24]
[good, 12, 9, 36]
[good, 12, 8, 48]
[good, 12, 6, 72]
[good, 13, 12, 13]
[good, 13, 10, 39]
[good, 13, 8, 65]
[good, 14, 13, 14]
[good, 14, 12, 28]
[good, 14, 11, 42]
[good, 14, 10, 56]
[good, 14, 7, 98]
[good, 15, 14, 15]
[good, 15, 12, 45]
[good, 15, 10, 75]
[good, 16, 15, 16]
[good, 16, 14, 32]
[good, 16, 13, 48]
[good, 16, 12, 64]
[good, 16, 11, 80]
[good, 16, 10, 96]
[good, 16, 8, 128]
[good, 17, 16, 17]
[good, 17, 14, 51]
[good, 18, 17, 18]
[good, 18, 16, 36]
[good, 18, 15, 54]
[good, 18, 14, 72]
[good, 18, 13, 90]
[good, 18, 12, 108]
[good, 18, 9, 162]
[good, 19, 18, 19]
[good, 19, 16, 57]
[good, 19, 12, 133]
[good, 20, 19, 20]
[good, 20, 18, 40]
[good, 20, 17, 60]
[good, 20, 16, 80]
[good, 20, 15, 100]
[good, 20, 14, 120]
[good, 20, 10, 200]
[good, 21, 20, 21]
[good, 21, 18, 63]
[good, 21, 16, 105]
[good, 21, 14, 147]
[good, 22, 21, 22]
[good, 22, 20, 44]
[good, 22, 19, 66]
[good, 22, 18, 88]
[good, 22, 16, 132]
[good, 22, 14, 176]
[good, 22, 11, 242]
[good, 23, 22, 23]
[good, 23, 20, 69]
[good, 23, 18, 115]
[good, 24, 23, 24]
[good, 24, 22, 48]
[good, 24, 21, 72]
[good, 24, 20, 96]
[good, 24, 19, 120]
[good, 24, 18, 144]
[good, 24, 17, 168]
[good, 24, 16, 192]
[good, 24, 12, 288]
[good, 25, 24, 25]
[good, 25, 22, 75]
[good, 25, 20, 125]
[good, 25, 16, 225]
[good, 26, 25, 26]
[good, 26, 24, 52]
[good, 26, 23, 78]
[good, 26, 22, 104]
[good, 26, 21, 130]
[good, 26, 20, 156]
[good, 26, 19, 182]
[good, 26, 13, 338]
[good, 27, 26, 27]
[good, 27, 24, 81]
[good, 27, 18, 243]
[good, 28, 27, 28]
[good, 28, 26, 56]
[good, 28, 25, 84]
[good, 28, 24, 112]
[good, 28, 23, 140]
[good, 28, 22, 168]
[good, 28, 21, 196]
[good, 28, 20, 224]
[good, 28, 18, 280]
[good, 28, 14, 392]
[good, 29, 28, 29]
[good, 29, 26, 87]
[good, 29, 24, 145]
[good, 30, 29, 30]
[good, 30, 28, 60]
[good, 30, 27, 90]
[good, 30, 26, 120]
[good, 30, 25, 150]
[good, 30, 24, 180]
[good, 30, 22, 240]
[good, 30, 20, 300]
[good, 30, 15, 450]
[good, 31, 30, 31]
[good, 31, 28, 93]
[good, 31, 26, 155]
[good, 31, 24, 217]
[good, 31, 20, 341]
[good, 32, 31, 32]
[good, 32, 30, 64]
[good, 32, 29, 96]
[good, 32, 28, 128]
[good, 32, 27, 160]
[good, 32, 26, 192]
[good, 32, 24, 256]
[good, 32, 23, 288]
[good, 32, 16, 512]
[good, 33, 32, 33]
[good, 33, 30, 99]
[good, 33, 28, 165]
[good, 33, 26, 231]
[good, 33, 22, 363]
[good, 34, 33, 34]
[good, 34, 32, 68]
[good, 34, 31, 102]
[good, 34, 30, 136]
[good, 34, 29, 170]
[good, 34, 28, 204]
[good, 34, 25, 306]
[good, 34, 22, 408]
[good, 34, 17, 578]
[good, 35, 34, 35]
[good, 35, 32, 105]
[good, 35, 30, 175]
[good, 35, 28, 245]
[good, 36, 35, 36]
[good, 36, 34, 72]
[good, 36, 33, 108]
[good, 36, 32, 144]
[good, 36, 31, 180]
[good, 36, 30, 216]
[good, 36, 29, 252]
[good, 36, 28, 288]
[good, 36, 27, 324]
[good, 36, 26, 360]
[good, 36, 24, 432]
[good, 36, 18, 648]
[good, 37, 36, 37]
[good, 37, 34, 111]
[good, 37, 32, 185]
[good, 37, 24, 481]
[good, 38, 37, 38]
[good, 38, 36, 76]
[good, 38, 35, 114]
[good, 38, 34, 152]
[good, 38, 33, 190]
[good, 38, 32, 228]
[good, 38, 31, 266]
[good, 38, 30, 304]
[good, 38, 28, 380]
[good, 38, 19, 722]
[good, 39, 38, 39]
[good, 39, 36, 117]
[good, 39, 34, 195]
[good, 39, 26, 507]
[good, 40, 39, 40]
[good, 40, 38, 80]
[good, 40, 37, 120]
[good, 40, 36, 160]
[good, 40, 35, 200]
[good, 40, 34, 240]
[good, 40, 33, 280]
[good, 40, 32, 320]
[good, 40, 30, 400]
[good, 40, 29, 440]
[good, 40, 26, 560]
[good, 40, 20, 800]
[good, 41, 40, 41]
[good, 41, 38, 123]
[good, 41, 36, 205]
[good, 41, 32, 369]
[good, 42, 41, 42]
[good, 42, 40, 84]
[good, 42, 39, 126]
[good, 42, 38, 168]
[good, 42, 37, 210]
[good, 42, 36, 252]
[good, 42, 35, 294]
[good, 42, 34, 336]
[good, 42, 31, 462]
[good, 42, 28, 588]
[good, 42, 21, 882]
[good, 43, 42, 43]
[good, 43, 40, 129]
[good, 43, 38, 215]
[good, 43, 36, 301]
[good, 43, 34, 387]
[good, 43, 28, 645]
[good, 44, 43, 44]
[good, 44, 42, 88]
[good, 44, 41, 132]
[good, 44, 40, 176]
[good, 44, 39, 220]
[good, 44, 38, 264]
[good, 44, 36, 352]
[good, 44, 33, 484]
[good, 44, 32, 528]
[good, 44, 22, 968]
[good, 45, 44, 45]
[good, 45, 42, 135]
[good, 45, 40, 225]
[good, 45, 38, 315]
[good, 45, 36, 405]
[good, 45, 30, 675]
[good, 46, 45, 46]
[good, 46, 44, 92]
[good, 46, 43, 138]
[good, 46, 42, 184]
[good, 46, 41, 230]
[good, 46, 40, 276]
[good, 46, 38, 368]
[good, 46, 36, 460]
[good, 46, 34, 552]
[good, 46, 30, 736]
[good, 46, 23, 1058]
[good, 47, 46, 47]
[good, 47, 44, 141]
[good, 47, 42, 235]
[good, 47, 40, 329]
[good, 48, 47, 48]
[good, 48, 46, 96]
[good, 48, 45, 144]
[good, 48, 44, 192]
[good, 48, 43, 240]
[good, 48, 42, 288]
[good, 48, 41, 336]
[good, 48, 40, 384]
[good, 48, 39, 432]
[good, 48, 38, 480]
[good, 48, 36, 576]
[good, 48, 35, 624]
[good, 48, 32, 768]
[good, 48, 24, 1152]
[good, 49, 48, 49]
[good, 49, 46, 147]
[good, 49, 44, 245]
[good, 49, 42, 343]
[good, 49, 32, 833]
[good, 50, 49, 50]
[good, 50, 48, 100]
[good, 50, 47, 150]
[good, 50, 46, 200]
[good, 50, 45, 250]
[good, 50, 44, 300]
[good, 50, 43, 350]
[good, 50, 42, 400]
[good, 50, 41, 450]
[good, 50, 40, 500]
[good, 50, 37, 650]
[good, 50, 25, 1250]
[good, 51, 50, 51]
[good, 51, 48, 153]
[good, 51, 46, 255]
[good, 51, 40, 561]
[good, 51, 34, 867]
[good, 52, 51, 52]
[good, 52, 50, 104]
[good, 52, 49, 156]
[good, 52, 48, 208]
[good, 52, 47, 260]
[good, 52, 46, 312]
[good, 52, 45, 364]
[good, 52, 44, 416]
[good, 52, 43, 468]
[good, 52, 39, 676]
[good, 52, 38, 728]
[good, 52, 34, 936]
[good, 52, 26, 1352]
[good, 53, 52, 53]
[good, 53, 50, 159]
[good, 53, 48, 265]
[good, 53, 42, 583]
[good, 54, 53, 54]
[good, 54, 52, 108]
[good, 54, 51, 162]
[good, 54, 50, 216]
[good, 54, 49, 270]
[good, 54, 48, 324]
[good, 54, 47, 378]
[good, 54, 46, 432]
[good, 54, 45, 486]
[good, 54, 44, 540]
[good, 54, 40, 756]
[good, 54, 36, 972]
[good, 54, 27, 1458]
[good, 55, 54, 55]
[good, 55, 52, 165]
[good, 55, 50, 275]
[good, 55, 48, 385]
[good, 55, 44, 605]
[good, 55, 36, 1045]
[good, 56, 55, 56]
[good, 56, 54, 112]
[good, 56, 53, 168]
[good, 56, 52, 224]
[good, 56, 51, 280]
[good, 56, 50, 336]
[good, 56, 49, 392]
[good, 56, 48, 448]
[good, 56, 46, 560]
[good, 56, 44, 672]
[good, 56, 42, 784]
[good, 56, 41, 840]
[good, 56, 28, 1568]
[good, 57, 56, 57]
[good, 57, 54, 171]
[good, 57, 52, 285]
[good, 57, 50, 399]
[good, 57, 48, 513]
[good, 57, 38, 1083]
[good, 58, 57, 58]
[good, 58, 56, 116]
[good, 58, 55, 174]
[good, 58, 54, 232]
[good, 58, 53, 290]
[good, 58, 52, 348]
[good, 58, 50, 464]
[good, 58, 48, 580]
[good, 58, 46, 696]
[good, 58, 43, 870]
[good, 58, 38, 1160]
[good, 58, 29, 1682]
[good, 59, 58, 59]
[good, 59, 56, 177]
[good, 59, 54, 295]
[good, 59, 52, 413]
[good, 59, 50, 531]
[good, 60, 59, 60]
[good, 60, 58, 120]
[good, 60, 57, 180]
[good, 60, 56, 240]
[good, 60, 55, 300]
[good, 60, 54, 360]
[good, 60, 53, 420]
[good, 60, 52, 480]
[good, 60, 50, 600]
[good, 60, 49, 660]
[good, 60, 48, 720]
[good, 60, 45, 900]
[good, 60, 44, 960]
[good, 60, 40, 1200]
[good, 60, 30, 1800]
[good, 61, 60, 61]
[good, 61, 58, 183]
[good, 61, 56, 305]
[good, 61, 54, 427]
[good, 61, 52, 549]
[good, 61, 48, 793]
[good, 61, 40, 1281]
[good, 62, 61, 62]
[good, 62, 60, 124]
[good, 62, 59, 186]
[good, 62, 58, 248]
[good, 62, 57, 310]
[good, 62, 56, 372]
[good, 62, 55, 434]
[good, 62, 54, 496]
[good, 62, 51, 682]
[good, 62, 46, 992]
[good, 62, 31, 1922]
[good, 63, 62, 63]
[good, 63, 60, 189]
[good, 63, 58, 315]
[good, 63, 56, 441]
[good, 63, 54, 567]
[good, 63, 50, 819]
[good, 63, 42, 1323]
[good, 64, 63, 64]
[good, 64, 62, 128]
[good, 64, 61, 192]
[good, 64, 60, 256]
[good, 64, 59, 320]
[good, 64, 58, 384]
[good, 64, 57, 448]
[good, 64, 56, 512]
[good, 64, 55, 576]
[good, 64, 54, 640]
[good, 64, 53, 704]
[good, 64, 48, 1024]
[good, 64, 47, 1088]
[good, 64, 42, 1408]
[good, 64, 32, 2048]
[good, 65, 64, 65]
[good, 65, 62, 195]
[good, 65, 60, 325]
[good, 65, 52, 845]
[good, 66, 65, 66]
[good, 66, 64, 132]
[good, 66, 63, 198]
[good, 66, 62, 264]
[good, 66, 61, 330]
[good, 66, 60, 396]
[good, 66, 59, 462]
[good, 66, 58, 528]
[good, 66, 57, 594]
[good, 66, 56, 660]
[good, 66, 55, 726]
[good, 66, 54, 792]
[good, 66, 52, 924]
[good, 66, 49, 1122]
[good, 66, 44, 1452]
[good, 66, 33, 2178]
[good, 67, 66, 67]
[good, 67, 64, 201]
[good, 67, 62, 335]
[good, 67, 60, 469]
[good, 67, 44, 1541]
[good, 68, 67, 68]
[good, 68, 66, 136]
[good, 68, 65, 204]
[good, 68, 64, 272]
[good, 68, 63, 340]
[good, 68, 62, 408]
[good, 68, 61, 476]
[good, 68, 60, 544]
[good, 68, 59, 612]
[good, 68, 58, 680]
[good, 68, 56, 816]
[good, 68, 54, 952]
[good, 68, 51, 1156]
[good, 68, 50, 1224]
[good, 68, 34, 2312]
[good, 69, 68, 69]
[good, 69, 66, 207]
[good, 69, 64, 345]
[good, 69, 62, 483]
[good, 69, 46, 1587]
[good, 70, 69, 70]
[good, 70, 68, 140]
[good, 70, 67, 210]
[good, 70, 66, 280]
[good, 70, 65, 350]
[good, 70, 64, 420]
[good, 70, 63, 490]
[good, 70, 62, 560]
[good, 70, 61, 630]
[good, 70, 60, 700]
[good, 70, 58, 840]
[good, 70, 56, 980]
[good, 70, 52, 1260]
[good, 70, 46, 1680]
[good, 70, 35, 2450]
[good, 71, 70, 71]
[good, 71, 68, 213]
[good, 71, 66, 355]
[good, 71, 64, 497]
[good, 71, 60, 781]
[good, 71, 56, 1065]
[good, 72, 71, 72]
[good, 72, 70, 144]
[good, 72, 69, 216]
[good, 72, 68, 288]
[good, 72, 67, 360]
[good, 72, 66, 432]
[good, 72, 65, 504]
[good, 72, 64, 576]
[good, 72, 63, 648]
[good, 72, 62, 720]
[good, 72, 60, 864]
[good, 72, 59, 936]
[good, 72, 54, 1296]
[good, 72, 53, 1368]
[good, 72, 48, 1728]
[good, 72, 36, 2592]
[good, 73, 72, 73]
[good, 73, 70, 219]
[good, 73, 68, 365]
[good, 73, 66, 511]
[good, 73, 64, 657]
[good, 73, 62, 803]
[good, 73, 58, 1095]
[good, 73, 48, 1825]
[good, 74, 73, 74]
[good, 74, 72, 148]
[good, 74, 71, 222]
[good, 74, 70, 296]
[good, 74, 69, 370]
[good, 74, 68, 444]
[good, 74, 67, 518]
[good, 74, 66, 592]
[good, 74, 64, 740]
[good, 74, 61, 962]
[good, 74, 55, 1406]
[good, 74, 37, 2738]
[good, 75, 74, 75]
[good, 75, 72, 225]
[good, 75, 70, 375]
[good, 75, 68, 525]
[good, 75, 66, 675]
[good, 75, 64, 825]
[good, 75, 60, 1125]
[good, 75, 50, 1875]
[good, 76, 75, 76]
[good, 76, 74, 152]
[good, 76, 73, 228]
[good, 76, 72, 304]
[good, 76, 71, 380]
[good, 76, 70, 456]
[good, 76, 69, 532]
[good, 76, 68, 608]
[good, 76, 66, 760]
[good, 76, 63, 988]
[good, 76, 60, 1216]
[good, 76, 57, 1444]
[good, 76, 56, 1520]
[good, 76, 50, 1976]
[good, 76, 38, 2888]
[good, 77, 76, 77]
[good, 77, 74, 231]
[good, 77, 72, 385]
[good, 77, 70, 539]
[good, 77, 68, 693]
[good, 77, 66, 847]
[good, 78, 77, 78]
[good, 78, 76, 156]
[good, 78, 75, 234]
[good, 78, 74, 312]
[good, 78, 73, 390]
[good, 78, 72, 468]
[good, 78, 71, 546]
[good, 78, 70, 624]
[good, 78, 68, 780]
[good, 78, 66, 936]
[good, 78, 65, 1014]
[good, 78, 64, 1092]
[good, 78, 62, 1248]
[good, 78, 58, 1560]
[good, 78, 52, 2028]
[good, 78, 39, 3042]
[good, 79, 78, 79]
[good, 79, 76, 237]
[good, 79, 74, 395]
[good, 79, 72, 553]
[good, 79, 70, 711]
[good, 79, 52, 2133]
[good, 80, 79, 80]
[good, 80, 78, 160]
[good, 80, 77, 240]
[good, 80, 76, 320]
[good, 80, 75, 400]
[good, 80, 74, 480]
[good, 80, 73, 560]
[good, 80, 72, 640]
[good, 80, 71, 720]
[good, 80, 70, 800]
[good, 80, 69, 880]
[good, 80, 68, 960]
[good, 80, 66, 1120]
[good, 80, 64, 1280]
[good, 80, 60, 1600]
[good, 80, 59, 1680]
[good, 80, 40, 3200]
[good, 81, 80, 81]
[good, 81, 78, 243]
[good, 81, 76, 405]
[good, 81, 74, 567]
[good, 81, 72, 729]
[good, 81, 64, 1377]
[good, 81, 54, 2187]
[good, 82, 81, 82]
[good, 82, 80, 164]
[good, 82, 79, 246]
[good, 82, 78, 328]
[good, 82, 77, 410]
[good, 82, 76, 492]
[good, 82, 75, 574]
[good, 82, 74, 656]
[good, 82, 73, 738]
[good, 82, 72, 820]
[good, 82, 71, 902]
[good, 82, 70, 984]
[good, 82, 68, 1148]
[good, 82, 61, 1722]
[good, 82, 54, 2296]
[good, 82, 41, 3362]
[good, 83, 82, 83]
[good, 83, 80, 249]
[good, 83, 78, 415]
[good, 83, 76, 581]
[good, 83, 66, 1411]
[good, 84, 83, 84]
[good, 84, 82, 168]
[good, 84, 81, 252]
[good, 84, 80, 336]
[good, 84, 79, 420]
[good, 84, 78, 504]
[good, 84, 77, 588]
[good, 84, 76, 672]
[good, 84, 75, 756]
[good, 84, 74, 840]
[good, 84, 73, 924]
[good, 84, 72, 1008]
[good, 84, 70, 1176]
[good, 84, 69, 1260]
[good, 84, 63, 1764]
[good, 84, 62, 1848]
[good, 84, 56, 2352]
[good, 84, 42, 3528]
[good, 85, 84, 85]
[good, 85, 82, 255]
[good, 85, 80, 425]
[good, 85, 78, 595]
[good, 85, 72, 1105]
[good, 85, 68, 1445]
[good, 85, 56, 2465]
[good, 86, 85, 86]
[good, 86, 84, 172]
[good, 86, 83, 258]
[good, 86, 82, 344]
[good, 86, 81, 430]
[good, 86, 80, 516]
[good, 86, 79, 602]
[good, 86, 78, 688]
[good, 86, 77, 774]
[good, 86, 76, 860]
[good, 86, 75, 946]
[good, 86, 71, 1290]
[good, 86, 68, 1548]
[good, 86, 64, 1892]
[good, 86, 43, 3698]
[good, 87, 86, 87]
[good, 87, 84, 261]
[good, 87, 82, 435]
[good, 87, 80, 609]
[good, 87, 74, 1131]
[good, 87, 58, 2523]
[good, 88, 87, 88]
[good, 88, 86, 176]
[good, 88, 85, 264]
[good, 88, 84, 352]
[good, 88, 83, 440]
[good, 88, 82, 528]
[good, 88, 81, 616]
[good, 88, 80, 704]
[good, 88, 79, 792]
[good, 88, 78, 880]
[good, 88, 77, 968]
[good, 88, 76, 1056]
[good, 88, 73, 1320]
[good, 88, 70, 1584]
[good, 88, 66, 1936]
[good, 88, 65, 2024]
[good, 88, 58, 2640]
[good, 88, 44, 3872]
[good, 89, 88, 89]
[good, 89, 86, 267]
[good, 89, 84, 445]
[good, 89, 82, 623]
[good, 89, 80, 801]
[good, 89, 76, 1157]
[good, 90, 89, 90]
[good, 90, 88, 180]
[good, 90, 87, 270]
[good, 90, 86, 360]
[good, 90, 85, 450]
[good, 90, 84, 540]
[good, 90, 83, 630]
[good, 90, 82, 720]
[good, 90, 81, 810]
[good, 90, 80, 900]
[good, 90, 78, 1080]
[good, 90, 75, 1350]
[good, 90, 74, 1440]
[good, 90, 72, 1620]
[good, 90, 67, 2070]
[good, 90, 60, 2700]
[good, 90, 45, 4050]
[good, 91, 90, 91]
[good, 91, 88, 273]
[good, 91, 86, 455]
[good, 91, 84, 637]
[good, 91, 82, 819]
[good, 91, 80, 1001]
[good, 91, 78, 1183]
[good, 91, 72, 1729]
[good, 91, 60, 2821]
[good, 92, 91, 92]
[good, 92, 90, 184]
[good, 92, 89, 276]
[good, 92, 88, 368]
[good, 92, 87, 460]
[good, 92, 86, 552]
[good, 92, 85, 644]
[good, 92, 84, 736]
[good, 92, 82, 920]
[good, 92, 80, 1104]
[good, 92, 78, 1288]
[good, 92, 76, 1472]
[good, 92, 69, 2116]
[good, 92, 68, 2208]
[good, 92, 46, 4232]
[good, 93, 92, 93]
[good, 93, 90, 279]
[good, 93, 88, 465]
[good, 93, 86, 651]
[good, 93, 84, 837]
[good, 93, 82, 1023]
[good, 93, 74, 1767]
[good, 93, 62, 2883]
[good, 94, 93, 94]
[good, 94, 92, 188]
[good, 94, 91, 282]
[good, 94, 90, 376]
[good, 94, 89, 470]
[good, 94, 88, 564]
[good, 94, 87, 658]
[good, 94, 86, 752]
[good, 94, 84, 940]
[good, 94, 82, 1128]
[good, 94, 80, 1316]
[good, 94, 78, 1504]
[good, 94, 70, 2256]
[good, 94, 62, 3008]
[good, 94, 47, 4418]
[good, 95, 94, 95]
[good, 95, 92, 285]
[good, 95, 90, 475]
[good, 95, 88, 665]
[good, 95, 86, 855]
[good, 95, 84, 1045]
[good, 95, 76, 1805]
[good, 96, 95, 96]
[good, 96, 94, 192]
[good, 96, 93, 288]
[good, 96, 92, 384]
[good, 96, 91, 480]
[good, 96, 90, 576]
[good, 96, 89, 672]
[good, 96, 88, 768]
[good, 96, 87, 864]
[good, 96, 86, 960]
[good, 96, 84, 1152]
[good, 96, 83, 1248]
[good, 96, 82, 1344]
[good, 96, 80, 1536]
[good, 96, 79, 1632]
[good, 96, 76, 1920]
[good, 96, 72, 2304]
[good, 96, 71, 2400]
[good, 96, 64, 3072]
[good, 96, 48, 4608]
[good, 97, 96, 97]
[good, 97, 94, 291]
[good, 97, 92, 485]
[good, 97, 90, 679]
[good, 97, 88, 873]
[good, 97, 86, 1067]
[good, 97, 64, 3201]
[good, 98, 97, 98]
[good, 98, 96, 196]
[good, 98, 95, 294]
[good, 98, 94, 392]
[good, 98, 93, 490]
[good, 98, 92, 588]
[good, 98, 91, 686]
[good, 98, 90, 784]
[good, 98, 89, 882]
[good, 98, 88, 980]
[good, 98, 85, 1274]
[good, 98, 84, 1372]
[good, 98, 81, 1666]
[good, 98, 78, 1960]
[good, 98, 73, 2450]
[good, 98, 49, 4802]
[good, 99, 98, 99]
[good, 99, 96, 297]
[good, 99, 94, 495]
[good, 99, 92, 693]
[good, 99, 90, 891]
[good, 99, 88, 1089]
[good, 99, 84, 1485]
[good, 99, 66, 3267]
4 4
1 3
1 4
2 3
2 4
[Finished in 0.5s]
