5000
4422 1
730 2
1527 3
2966 4
5 3480
6 4448
7 584
8 2888
9 3678
10 2359
11 3222
12 258
13 487
4503 14
15 5
16 1134
17 3927
1899 18
19 3673
1299 20
2786 21
4453 22
2065 23
2003 24
25 4165
2036 26
2563 27
3504 28
29 1409
30 552
31 3293
32 3730
1838 33
34 2632
840 35
4245 36
37 4095
38 3525
3332 39
40 679
41 3187
42 665
43 577
44 1930
1826 45
46 4494
47 640
2966 48
4053 49
50 3516
51 4921
3736 52
53 2232
1428 54
55 869
3228 56
57 195
58 4471
1715 59
60 3078
61 1682
62 3638
4217 63
1884 64
65 1271
66 4940
2455 67
2004 68
69 3057
2400 70
71 1198
1648 72
1251 73
4293 74
1998 75
4238 76
874 77
546 78
79 3848
4537 80
81 2433
82 1024
4596 83
84 320
85 1452
729 86
4259 87
88 1939
1845 89
90 4781
4905 91
2923 92
93 1496
94 2719
95 3734
4246 96
97 3878
98 2373
99 2884
100 3133
4893 101
102 3048
4921 103
4919 104
1295 105
1928 106
1028 107
108 3544
1577 109
110 4827
4824 111
734 112
2175 113
501 114
3676 115
116 1961
1034 117
118 92
4671 119
120 1084
121 4323
3983 122
123 1115
4956 124
125 2020
126 4392
4483 127
128 2255
129 1523
130 3573
131 3826
132 3856
133 578
134 1099
135 626
136 2499
2152 137
4950 138
1516 139
140 4977
3536 141
2302 142
2438 143
144 1234
510 145
146 3113
705 147
4021 148
1985 149
150 4002
4558 151
2692 152
153 425
126 154
634 155
1648 156
3752 157
698 158
159 3207
160 3422
531 161
162 1459
2563 163
659 164
165 1522
166 4996
167 4604
98 168
169 2931
2262 170
171 4217
172 2079
613 173
1093 174
1930 175
176 126
4528 177
404 178
179 1644
4181 180
2715 181
2063 182
183 3016
184 897
1190 185
912 186
187 4107
188 1014
4178 189
190 4636
488 191
2525 192
162 193
4047 194
3732 195
4133 196
197 4440
3113 198
478 199
200 2902
201 939
856 202
203 1552
4326 204
1911 205
206 1928
207 3395
208 2460
1039 209
210 3589
4077 211
212 3349
3256 213
3124 214
854 215
2451 216
217 755
218 4686
219 4167
6 220
3063 221
222 2878
223 4746
866 224
225 2873
3993 226
227 2013
228 4625
4942 229
230 3396
3884 231
232 1406
233 458
234 4676
4007 235
3079 236
237 101
3082 238
967 239
240 1958
3969 241
242 1006
445 243
244 81
245 4521
419 246
3884 247
248 3396
2075 249
2089 250
251 209
252 2041
1423 253
254 4347
897 255
1502 256
257 165
4284 258
259 577
260 2422
261 4007
320 262
263 3292
264 4867
265 719
1630 266
267 2096
2852 268
909 269
270 3958
3652 271
2618 272
1090 273
3442 274
1630 275
276 261
4212 277
278 3373
279 2452
319 280
281 3753
282 4422
283 3866
284 1406
285 4878
286 240
287 1988
1901 288
289 4766
290 2838
291 1319
292 4393
1668 293
1306 294
295 4745
296 220
297 3508
298 3765
299 4319
2835 300
301 2828
302 2359
3078 303
304 2544
305 3308
306 300
307 1838
2606 308
309 2734
4956 310
311 1136
3709 312
313 1053
3999 314
3728 315
316 1662
1220 317
318 1368
319 4509
320 3878
3185 321
322 304
323 1457
324 4443
4124 325
671 326
352 327
2066 328
4166 329
330 4991
331 208
1508 332
360 333
522 334
335 1592
4406 336
1426 337
338 46
949 339
1030 340
4566 341
3893 342
343 4670
356 344
4774 345
2794 346
4403 347
3412 348
770 349
350 4686
351 2746
352 4061
353 4042
1988 354
355 3453
356 903
380 357
358 210
3471 359
4724 360
4582 361
362 2831
363 1859
1470 364
3754 365
3899 366
367 3612
3484 368
1870 369
1306 370
371 251
1330 372
455 373
374 3016
4531 375
376 3656
682 377
3016 378
379 4465
1918 380
381 2629
1613 382
1198 383
3648 384
385 2123
386 2659
4459 387
3507 388
389 2183
1070 390
391 1207
4913 392
679 393
4684 394
1793 395
167 396
397 2123
2098 398
399 1788
400 2088
401 757
402 115
1401 403
404 1505
1362 405
258 406
3858 407
1602 408
804 409
380 410
411 2005
412 4349
413 4741
414 4640
415 879
1762 416
417 3776
4568 418
419 3751
420 3369
421 1779
1444 422
423 3911
424 635
425 1790
3439 426
2109 427
3965 428
429 862
4431 430
431 3943
432 193
844 433
2006 434
4276 435
1091 436
4261 437
438 2561
439 2243
440 4919
448 441
2311 442
443 4146
444 4979
445 4867
2635 446
447 1120
2761 448
449 3765
2831 450
4777 451
452 833
4180 453
3530 454
455 1754
2205 456
457 1288
458 3748
4445 459
460 2860
461 4369
2224 462
463 4062
3871 464
465 726
1899 466
1674 467
468 57
1893 469
2905 470
980 471
472 3049
473 4117
474 1819
475 2090
4940 476
3940 477
478 1375
1002 479
1483 480
481 3005
482 1035
483 818
2027 484
1138 485
1551 486
244 487
1492 488
489 2713
490 755
491 1028
584 492
2033 493
494 3878
495 678
496 4403
4740 497
4967 498
499 2159
500 491
501 2119
502 3620
503 1366
504 4676
988 505
3706 506
507 4293
1886 508
509 678
510 3476
511 2878
311 512
751 513
514 2135
2380 515
516 3977
2479 517
518 2612
519 1083
4596 520
2056 521
4611 522
523 13
524 1155
3738 525
526 553
527 1881
528 4204
1460 529
530 3870
3815 531
4893 532
3787 533
534 4896
535 2014
536 2196
2871 537
538 2538
4513 539
540 2327
1083 541
542 254
296 543
544 4769
3460 545
381 546
4820 547
2602 548
549 2328
550 1696
551 942
552 3743
553 2875
554 4401
555 4569
2058 556
3934 557
558 1138
559 2063
560 3601
561 2576
562 3644
563 4470
564 4393
565 4774
566 2307
1394 567
568 2726
569 2786
570 1407
4172 571
776 572
573 4362
933 574
868 575
2587 576
577 2420
167 578
4483 579
1125 580
1568 581
808 582
583 2300
4135 584
585 2224
2784 586
4867 587
2794 588
589 2672
2067 590
854 591
4261 592
3242 593
4482 594
595 2168
3815 596
597 1244
598 1839
2792 599
600 4062
729 601
2453 602
603 4245
1554 604
605 3771
606 2817
607 2133
298 608
609 3553
4193 610
611 1438
515 612
613 4523
4563 614
1653 615
616 1329
95 617
618 31
619 753
620 3776
2634 621
622 3846
1644 623
624 2419
625 3496
539 626
627 3997
1391 628
629 4624
630 3995
631 1853
632 366
1174 633
634 816
3221 635
1629 636
637 574
638 4124
639 430
640 2571
4885 641
1364 642
3204 643
644 877
645 746
2308 646
647 2445
471 648
1333 649
650 81
651 4133
652 2579
3238 653
654 4448
4877 655
656 2148
2750 657
658 3893
659 4037
660 241
661 781
662 3146
663 510
4053 664
665 4833
3897 666
605 667
668 2409
4798 669
1153 670
1148 671
672 718
2131 673
348 674
853 675
676 1870
677 2224
678 2073
2451 679
680 109
681 1534
682 4151
2738 683
4840 684
685 2519
407 686
740 687
688 2315
689 1730
690 2399
1099 691
692 1629
734 693
694 2104
695 2209
3962 696
697 1588
698 490
2462 699
700 3356
1699 701
702 3879
2854 703
704 3888
705 3706
3553 706
707 4893
708 3222
709 4729
710 30
270 711
712 2060
713 4490
714 3552
715 1930
2402 716
717 4373
630 718
719 2412
720 1029
2006 721
801 722
4327 723
724 1564
725 3920
726 4991
501 727
728 51
4537 729
730 2301
731 2874
732 1024
733 851
734 3553
2750 735
3810 736
737 3529
3616 738
739 3488
1206 740
741 490
742 2711
3291 743
744 623
745 121
746 4445
3334 747
4679 748
4977 749
750 198
751 3441
752 2840
3327 753
754 3190
4149 755
4239 756
757 3594
235 758
4420 759
341 760
761 3851
881 762
763 1024
1457 764
4667 765
766 1656
1013 767
949 768
769 3077
1034 770
771 3176
4800 772
773 1970
102 774
877 775
1219 776
777 4372
4203 778
1624 779
1391 780
781 1423
161 782
4253 783
784 2326
785 1590
786 3866
787 3276
788 1433
1417 789
3549 790
791 491
1008 792
2719 793
794 2117
795 2461
796 4820
3316 797
4514 798
799 4642
2531 800
3306 801
802 328
2719 803
2288 804
805 3062
1737 806
807 4700
3226 808
809 19
810 790
4039 811
1159 812
764 813
814 2689
815 2280
4550 816
817 2619
172 818
1329 819
820 3082
821 2518
822 4604
823 4982
729 824
249 825
1523 826
827 3660
3889 828
829 3661
830 2815
87 831
4031 832
4285 833
1565 834
835 4190
836 1127
71 837
838 2246
4011 839
3874 840
841 2925
3522 842
843 2237
844 4662
105 845
4529 846
1503 847
1746 848
3995 849
2019 850
851 663
852 1329
380 853
3149 854
855 2108
856 3714
4188 857
933 858
859 964
860 3665
861 2004
862 475
4482 863
218 864
865 2711
866 1091
2051 867
1034 868
869 1193
3197 870
871 2144
2398 872
873 3661
874 4190
875 1959
876 3600
3457 877
1380 878
3310 879
880 4624
881 4193
3803 882
883 1607
884 2970
885 326
886 1948
887 2036
888 3975
889 114
890 2292
1401 891
892 3529
893 4435
3260 894
3736 895
2651 896
897 1459
4470 898
1444 899
737 900
4067 901
474 902
903 3193
1415 904
905 4004
4443 906
907 949
4116 908
909 4846
4443 910
911 1318
912 4375
1762 913
1995 914
3780 915
916 698
1551 917
458 918
4662 919
920 4414
2597 921
18 922
923 3049
730 924
925 1985
926 2251
927 2174
928 953
929 3975
930 1632
931 1134
932 4167
933 1207
3043 934
4320 935
4395 936
177 937
938 2978
939 1079
798 940
941 1070
942 3581
3153 943
944 1854
945 3056
946 2166
4840 947
1420 948
2898 949
950 1407
2250 951
952 1368
798 953
954 2345
2053 955
1414 956
3452 957
958 3835
959 716
960 4331
4599 961
962 4004
963 3922
2969 964
965 2020
966 4125
1961 967
968 4629
969 1501
970 326
971 396
972 1618
4240 973
974 4523
975 1370
976 897
247 977
4042 978
979 1193
3583 980
981 3665
982 2970
2269 983
984 1398
4346 985
1388 986
987 810
988 3069
989 2950
990 1725
3352 991
992 15
2025 993
2449 994
1220 995
996 2954
1693 997
998 2348
1371 999
958 1000
1001 4945
1002 3472
2209 1003
1245 1004
4600 1005
4420 1006
1007 4031
1008 294
818 1009
4403 1010
1011 4310
4863 1012
1013 4414
1014 455
1015 388
1016 3784
4234 1017
1084 1018
4977 1019
4693 1020
3250 1021
1022 1995
4925 1023
1024 4111
3756 1025
1026 938
1027 2175
1028 4746
745 1029
1030 2380
1031 3845
2330 1032
1033 3288
4997 1034
1035 1202
1597 1036
1037 1899
345 1038
1039 2381
4041 1040
1041 2069
102 1042
1043 3332
3336 1044
1045 3871
1787 1046
1366 1047
1048 856
1049 1564
3223 1050
1051 1406
1052 4343
1706 1053
4049 1054
1055 2334
3242 1056
300 1057
3442 1058
2090 1059
1060 2462
1061 2069
1062 1009
1063 4571
3683 1064
2856 1065
4966 1066
1067 3548
1068 3427
1069 100
1070 2617
1071 1885
1393 1072
4957 1073
1074 20
4659 1075
863 1076
1077 24
1078 4431
1079 2858
1080 4935
1081 2662
1353 1082
1192 1083
86 1084
4890 1085
1086 3612
1087 630
1088 1120
2436 1089
1090 3517
555 1091
507 1092
2104 1093
1094 1885
1655 1095
1096 947
3058 1097
522 1098
1099 3471
3507 1100
1101 3118
1968 1102
4940 1103
1104 1725
4811 1105
1106 95
2712 1107
1108 1560
1109 4435
2734 1110
1111 3222
2004 1112
258 1113
1114 4597
1115 3078
1116 2442
4221 1117
4232 1118
1119 4745
1120 13
737 1121
2198 1122
1123 1808
1124 3223
1125 1305
1126 2140
1565 1127
3293 1128
1781 1129
1130 4396
1853 1131
2874 1132
4371 1133
4351 1134
4606 1135
1136 4913
4459 1137
3311 1138
2575 1139
1140 332
824 1141
1142 2173
1143 1781
1144 4225
1145 3386
1146 529
1672 1147
467 1148
1149 2525
517 1150
1151 4408
1152 2219
331 1153
1154 586
1155 4107
1156 4485
640 1157
4691 1158
338 1159
1160 1381
3552 1161
3453 1162
1163 2264
1164 1928
1414 1165
393 1166
279 1167
1168 2793
2614 1169
1170 848
1171 1281
2762 1172
3224 1173
1174 4095
4290 1175
1176 3759
1177 3748
4865 1178
3711 1179
1180 3445
1181 4336
2398 1182
1183 4028
3828 1184
1185 877
1919 1186
2330 1187
1188 2923
1189 2531
1190 4584
1191 821
679 1192
1941 1193
1194 5
1737 1195
1196 4133
1197 4310
1198 2394
388 1199
1200 2594
1201 1648
1202 3596
1203 512
1204 2287
1218 1205
1206 338
1207 3678
1208 4777
1209 2492
2637 1210
1211 928
1632 1212
3980 1213
1214 4765
3759 1215
1216 121
1217 2104
4117 1218
3774 1219
1220 4453
1221 2478
1280 1222
1313 1223
2017 1224
1225 1566
3012 1226
1227 3409
2161 1228
2226 1229
1230 732
1231 4201
404 1232
1233 4955
1234 3958
1235 4124
1630 1236
1237 2698
1238 1460
1239 2735
1240 2508
987 1241
2017 1242
1243 3833
831 1244
1245 943
4905 1246
1247 2251
1248 3379
1317 1249
270 1250
2272 1251
1252 2815
1253 1572
1254 4667
1255 852
1256 209
4779 1257
1258 1219
1259 818
1260 451
1261 4550
1262 3721
3934 1263
1264 3041
1265 4513
4757 1266
384 1267
1268 1887
3815 1269
1270 4172
1018 1271
3064 1272
1273 770
2310 1274
4744 1275
4856 1276
1318 1277
1278 1600
1279 159
3666 1280
1281 788
1502 1282
1283 1092
1284 1847
1285 51
1286 3934
2713 1287
4521 1288
1289 2175
2226 1290
2385 1291
3326 1292
1293 4701
2738 1294
4254 1295
4164 1296
1297 1203
4816 1298
1299 1545
1300 398
2560 1301
1302 4765
2075 1303
3107 1304
1808 1305
1306 1607
3572 1307
1308 4536
1309 641
1310 3878
1311 2717
4431 1312
2219 1313
3598 1314
1315 2322
1316 2562
639 1317
1672 1318
1319 1898
1320 2117
1321 15
1998 1322
803 1323
1324 454
3465 1325
1326 284
1327 2531
4643 1328
1329 1674
1330 4485
603 1331
1332 1111
1333 3536
1334 2442
4629 1335
1275 1336
1337 3535
1338 4257
1339 3864
853 1340
1587 1341
4667 1342
2969 1343
267 1344
1345 947
1346 4989
1347 2754
1348 3471
1028 1349
2068 1350
1351 2294
1352 2036
3281 1353
1354 82
2519 1355
1356 942
1357 852
3848 1358
1359 4257
3696 1360
4083 1361
1362 4169
1363 3356
1364 3496
3166 1365
1366 2651
1893 1367
1368 4128
1369 1884
1370 4685
673 1371
4016 1372
38 1373
776 1374
1375 3581
1376 3759
1377 33
1378 3096
1379 4201
1380 3975
4480 1381
4856 1382
3126 1383
1898 1384
3804 1385
1386 2327
884 1387
4247 1388
4080 1389
1390 4881
558 1391
1392 2304
1393 2119
4281 1394
1395 4986
4455 1396
1397 4746
1398 1334
4433 1399
1400 2064
1401 2831
1402 236
2261 1403
1838 1404
1405 4512
1406 4881
1407 3867
1408 2460
669 1409
1410 1543
4911 1411
1412 1886
2946 1413
1516 1414
2797 1415
1416 2942
4596 1417
1418 4894
1419 2555
1420 2189
2810 1421
614 1422
1423 793
663 1424
1425 1663
4049 1426
1176 1427
588 1428
4766 1429
4386 1430
1431 4179
4794 1432
1433 1115
1434 3256
1577 1435
198 1436
1437 859
3288 1438
1398 1439
1440 1528
4188 1441
1442 2856
1443 4992
1444 249
1330 1445
1446 4403
2978 1447
3874 1448
1449 2960
3197 1450
1451 471
1452 2618
1453 2300
541 1454
2222 1455
2527 1456
1457 3944
1458 163
1459 1545
4373 1460
1461 2231
2048 1462
417 1463
1464 912
1465 4242
2729 1466
1997 1467
1468 4083
1469 2364
1470 2344
3669 1471
2287 1472
1473 1706
2022 1474
1475 2945
1847 1476
859 1477
161 1478
1479 1663
3637 1480
1281 1481
3150 1482
3774 1483
1484 4791
3740 1485
304 1486
1487 4956
1488 1287
1736 1489
3293 1490
1491 1365
4042 1492
4244 1493
4832 1494
1495 579
1496 1079
384 1497
4849 1498
1499 1077
1500 24
1501 3182
4878 1502
3983 1503
4445 1504
3223 1505
1506 2909
1507 2875
493 1508
582 1509
2231 1510
221 1511
1512 3409
1837 1513
1514 4374
1515 750
2881 1516
1341 1517
1518 649
1519 3741
1520 933
1521 2492
3190 1522
3617 1523
1524 1516
1525 1624
1526 3064
1527 1504
4896 1528
437 1529
1416 1530
1531 3310
244 1532
3057 1533
1534 1053
1535 1244
1536 1049
1537 4671
1538 2950
1539 1848
1540 471
1541 3602
1947 1542
4920 1543
1544 2880
1545 1956
1546 3218
1547 4225
1548 507
4490 1549
4513 1550
1551 3301
198 1552
966 1553
56 1554
1555 332
1556 3432
4846 1557
1558 2450
1559 4590
1560 2838
1561 4880
4411 1562
2738 1563
1564 2662
1134 1565
825 1566
1567 4968
3683 1568
1569 2717
1570 3460
3439 1571
1572 3040
4463 1573
1574 2035
1575 1746
4287 1576
652 1577
1578 2226
2923 1579
4451 1580
3740 1581
366 1582
1583 1298
2409 1584
3804 1585
1586 381
1587 1447
1588 4554
4502 1589
1590 2272
1497 1591
3763 1592
1593 3274
1594 1030
3899 1595
4968 1596
1597 3994
1598 1416
1455 1599
1600 1065
2801 1601
1602 2902
1603 2646
1604 912
1605 1817
1606 3778
1607 2005
4785 1608
1609 1371
1610 797
1611 112
1612 3193
1613 2797
1614 1925
1615 1193
1616 1206
1617 3676
2562 1618
1619 1971
1620 4633
1621 474
2331 1622
1153 1623
1624 1676
603 1625
4436 1626
1627 282
1628 576
4348 1629
1630 228
1077 1631
984 1632
1633 4459
3242 1634
4489 1635
1636 810
1637 3075
1638 3741
1652 1639
1640 279
4217 1641
1642 4929
1643 1505
2293 1644
860 1645
1646 1648
1647 248
1648 4520
3427 1649
1650 2288
3994 1651
1652 2320
366 1653
1654 1790
4179 1655
1449 1656
934 1657
1306 1658
2037 1659
1884 1660
1886 1661
65 1662
3772 1663
745 1664
1665 2048
3784 1666
1667 878
1668 1098
1669 1013
4295 1670
1671 4748
2385 1672
1673 4670
1674 788
1675 3637
1676 2923
4482 1677
1678 3996
1679 3753
2098 1680
2406 1681
928 1682
1683 452
326 1684
1685 4894
220 1686
1687 1698
838 1688
2854 1689
1690 4445
4668 1691
1692 2941
4520 1693
18 1694
1695 4244
1610 1696
1697 4636
2111 1698
1699 1097
555 1700
3753 1701
4190 1702
2850 1703
4800 1704
1705 2600
3990 1706
1707 1669
1708 4775
1709 1698
522 1710
1711 248
2033 1712
1713 2954
1714 4271
286 1715
1716 663
1717 2018
1718 2219
1719 2994
422 1720
1721 3660
1722 2775
4624 1723
4785 1724
1725 4701
1726 1213
2735 1727
1728 2631
3583 1729
4686 1730
1731 4221
1732 4553
3422 1733
1734 328
1981 1735
2032 1736
4832 1737
1738 3252
1739 4752
2584 1740
1741 2808
2438 1742
3312 1743
726 1744
1745 343
2817 1746
4233 1747
2659 1748
3886 1749
1750 431
1751 2348
4162 1752
1753 2346
510 1754
3998 1755
1756 642
1082 1757
1758 4262
1759 776
3193 1760
4990 1761
539 1762
1763 2018
1764 1266
830 1765
4734 1766
3327 1767
1768 2413
1769 4116
1770 4910
1771 1116
2754 1772
1773 3945
1774 4861
3608 1775
1776 1112
1777 1839
1778 1551
4079 1779
1780 579
1781 1817
1782 868
2025 1783
1238 1784
2973 1785
2850 1786
1787 3842
1788 722
2394 1789
1790 4550
2886 1791
1792 2320
1793 3415
2219 1794
1795 3508
4509 1796
1422 1797
1798 4975
1799 4554
1049 1800
1801 2527
4945 1802
1803 1361
1804 2224
1805 4841
2960 1806
1807 903
3840 1808
2754 1809
3049 1810
4594 1811
4200 1812
3221 1813
4900 1814
1815 3250
1816 1050
1817 1161
4084 1818
1819 501
1820 1198
3114 1821
3146 1822
4606 1823
4016 1824
4006 1825
1313 1826
590 1827
4373 1828
1829 3317
1830 2840
1831 1839
1832 3911
3711 1833
1834 2198
1835 3017
1836 1097
1837 474
1838 150
1839 1401
4085 1840
1841 1654
3664 1842
1843 1523
2886 1844
2343 1845
4401 1846
1581 1847
3379 1848
333 1849
1850 4582
1851 2159
972 1852
1853 2206
1854 1202
1714 1855
1920 1856
1857 1492
1858 2068
1859 2373
8 1860
267 1861
4774 1862
2588 1863
2886 1864
1865 4135
1866 4493
1867 2499
4370 1868
1869 628
467 1870
1298 1871
1181 1872
1873 2246
4740 1874
1743 1875
1876 2100
531 1877
4737 1878
3192 1879
4729 1880
4798 1881
4062 1882
4997 1883
1884 3660
4560 1885
2946 1886
1887 2410
1888 2594
906 1889
1890 3071
1891 846
2476 1892
1893 1502
1894 1508
1895 3354
549 1896
1897 4239
1898 3535
4002 1899
1900 4553
1901 1893
2069 1902
1885 1903
1904 2754
2027 1905
1906 4480
1907 1572
1908 3061
1909 3067
218 1910
1911 3069
1912 4172
2917 1913
1914 4879
4014 1915
3015 1916
1917 4145
4513 1918
1919 284
1746 1920
750 1921
1922 1941
1923 4599
1924 2231
4199 1925
156 1926
2370 1927
1928 3900
3825 1929
2779 1930
1939 1931
1932 4336
2006 1933
2662 1934
2328 1935
2497 1936
1592 1937
520 1938
3422 1939
1940 1161
1941 4668
609 1942
4323 1943
1944 4040
2412 1945
1946 3643
1947 1839
1948 4290
3933 1949
1950 3553
1951 1293
4631 1952
1953 3049
3341 1954
1955 3958
3204 1956
3843 1957
3864 1958
1959 2064
578 1960
1961 865
1962 4563
1963 515
3870 1964
3376 1965
1966 834
1967 209
422 1968
1969 3190
3962 1970
1971 337
1972 634
1058 1973
1974 2465
1975 4240
1976 3082
1968 1977
1978 3147
1979 3221
1980 3504
4002 1981
1982 1644
1956 1983
1984 320
1985 4184
2554 1986
1987 3819
2302 1988
1426 1989
1990 3386
1991 4496
4547 1992
3043 1993
3392 1994
2189 1995
2699 1996
1633 1997
1998 3506
1708 1999
2000 1287
1158 2001
1644 2002
2003 541
2004 1111
2005 4563
4820 2006
2007 1516
2122 2008
1706 2009
2225 2010
2008 2011
2326 2012
1887 2013
2014 3407
1487 2015
4102 2016
1787 2017
3932 2018
3413 2019
2020 1540
3840 2021
333 2022
2023 458
2024 3605
1779 2025
3793 2026
1328 2027
3309 2028
2029 4281
2177 2030
2031 1388
1620 2032
4170 2033
2485 2034
2035 652
2594 2036
2927 2037
2038 1414
2039 3804
2040 419
2041 4388
1175 2042
957 2043
343 2044
150 2045
2046 3412
2619 2047
2048 2261
2049 4765
1010 2050
2051 305
2052 4900
2053 684
488 2054
2055 4136
2056 3652
316 2057
1058 2058
2059 834
2060 2898
2061 4888
2062 1377
136 2063
2064 4183
3672 2065
1610 2066
2067 601
2068 3710
1946 2069
3476 2070
2071 1098
1819 2072
2073 2328
312 2074
2075 4572
160 2076
2651 2077
2078 3535
2079 2973
2080 4494
2081 4319
2166 2082
2083 427
2084 2241
2085 4287
2086 1654
2087 853
4232 2088
2089 1317
4975 2090
2091 3335
2092 383
2093 4929
2094 3155
2095 2277
2096 4138
671 2097
3176 2098
925 2099
3432 2100
2101 105
2102 3898
4183 2103
2314 2104
2105 1971
941 2106
2107 1478
2619 2108
2109 3121
3997 2110
2721 2111
3891 2112
3309 2113
934 2114
2115 2111
892 2116
2117 2402
2118 865
2119 4095
4685 2120
1977 2121
2122 3889
520 2123
1178 2124
2125 4232
1567 2126
1380 2127
630 2128
2129 1514
2130 1504
160 2131
2606 2132
2133 1601
2134 2515
634 2135
1588 2136
2137 555
2051 2138
1615 2139
2918 2140
2141 3176
2142 4996
2143 3148
2144 2787
1548 2145
2146 4856
2147 4709
4668 2148
2149 3293
2150 4092
3278 2151
2152 901
2153 2492
2154 3396
2155 1093
2156 2364
2157 383
2158 3020
132 2159
2160 4259
4388 2161
2162 1181
2163 1642
558 2164
2165 2315
380 2166
2167 3782
3576 2168
2169 601
2170 3185
3748 2171
2172 1950
2173 109
2174 2575
47 2175
4766 2176
2659 2177
2178 684
3326 2179
2180 2222
2181 3581
4431 2182
2183 942
1153 2184
2185 590
2186 3785
3583 2187
2451 2188
2189 4371
2190 4317
2191 2298
1400 2192
2193 1725
2194 4991
4551 2195
3199 2196
2197 716
2198 1205
2199 4213
2711 2200
2201 1005
3112 2202
208 2203
955 2204
2205 3389
136 2206
2207 4323
4532 2208
4244 2209
2918 2210
2211 3793
2909 2212
4527 2213
2214 267
1847 2215
1502 2216
52 2217
1748 2218
2261 2219
2220 3738
2221 3846
4710 2222
4734 2223
4131 2224
570 2225
1035 2226
1099 2227
2228 492
2996 2229
2230 1136
3728 2231
2232 781
2233 2786
4869 2234
2235 3886
2236 4151
1767 2237
2238 3949
1589 2239
2240 3771
2241 4905
3332 2242
417 2243
2699 2244
2808 2245
1245 2246
2247 2570
2248 431
4447 2249
2250 4316
2251 991
2252 1609
2253 3040
3081 2254
2255 1533
1244 2256
2279 2257
2806 2258
1370 2259
2272 2260
4800 2261
2262 766
1708 2263
2264 319
2265 193
2266 2758
2267 1653
2268 4059
3620 2269
2521 2270
745 2271
3742 2272
4292 2273
3862 2274
2041 2275
2276 3862
2277 3652
3536 2278
2279 1817
2037 2280
2281 4146
3062 2282
878 2283
2284 165
1908 2285
2286 2393
2287 3983
126 2288
2289 3041
2290 1455
2291 1393
4901 2292
3856 2293
2294 967
2295 3662
2296 3512
2297 2915
2298 1238
2299 3182
2300 802
3948 2301
1817 2302
2303 4250
2304 605
2305 3592
2306 3594
2307 3736
2308 2056
2634 2309
4076 2310
40 2311
2312 3066
2313 4112
2414 2314
2940 2315
2888 2316
2317 2552
3226 2318
2319 776
3457 2320
859 2321
2322 2418
1779 2323
858 2324
2325 4041
2326 2521
2327 292
1459 2328
2279 2329
2330 3056
2331 2837
2332 1005
2333 1183
492 2334
2335 2370
2336 2398
530 2337
2338 4410
2339 1307
1649 2340
2341 3754
2342 2048
2343 4443
3341 2344
2346 2345
2346 2544
364 2347
2348 4327
4075 2349
2350 2881
2351 2241
2352 1781
2353 3933
2354 2159
2355 2998
2356 183
2357 255
2358 4359
4985 2359
4126 2360
2361 23
3667 2362
3261 2363
2364 394
682 2365
2366 1406
4148 2367
2368 420
2310 2369
2370 1505
2371 4201
1826 2372
2373 4270
2374 1701
4373 2375
2376 1398
4633 2377
2378 3096
2379 3050
4363 2380
1029 2381
3701 2382
49 2383
2384 914
2385 782
1398 2386
1049 2387
2388 3977
2794 2389
2390 1111
3583 2391
4191 2392
2393 789
2466 2394
3198 2395
4597 2396
2397 3784
2322 2398
2399 4571
2400 393
725 2401
2402 2374
3999 2403
933 2404
2405 2570
2906 2406
868 2407
2408 1548
2409 577
1962 2410
3441 2411
2412 1884
2413 2123
2414 4349
2415 2481
3415 2416
2417 2413
1438 2418
2419 2232
475 2420
2421 257
2422 2855
2423 3937
2424 1299
269 2425
2426 4821
257 2427
2319 2428
2429 2022
2430 1492
4843 2431
4140 2432
2433 4404
2434 3932
2435 3730
1449 2436
2437 381
2438 2685
1348 2439
2440 4372
2441 3740
3231 2442
2443 2779
1070 2444
2445 2629
2446 1286
2447 2723
1781 2448
3067 2449
3683 2450
617 2451
2452 4079
1138 2453
3218 2454
2455 1433
1488 2456
2457 3377
2458 1925
2334 2459
2460 2065
2461 2348
463 2462
2463 2177
986 2464
2465 4138
2659 2466
2254 2467
2468 2903
3496 2469
2470 241
2471 549
2472 3453
3571 2473
2474 2905
2475 2775
2476 3228
4261 2477
2478 1192
2479 4869
2480 4224
2481 1065
740 2482
4990 2483
6 2484
2485 766
2486 2060
2488 2487
2488 4596
2489 4084
4290 2490
2491 4343
2492 3958
4080 2493
2494 1459
1334 2495
2496 1960
4468 2497
2498 891
2024 2499
4895 2500
2501 1997
2502 3078
1294 2503
2504 4088
2505 2080
2506 3825
2507 1205
2508 3522
2509 304
4067 2510
398 2511
2512 3507
2513 270
2514 4910
2815 2515
2516 2020
2517 801
3256 2518
2519 2785
2520 4179
3589 2521
3742 2522
2523 865
2524 3602
2237 2525
4485 2526
3993 2527
2528 4390
2529 1750
2530 4582
2531 4874
2532 2008
1213 2533
2534 2420
334 2535
2536 1899
1296 2537
3993 2538
2539 3527
2540 934
457 2541
3644 2542
19 2543
2544 2558
2545 3207
4146 2546
4184 2547
2548 4509
4224 2549
4124 2550
2551 3712
2552 4775
2553 341
2554 2326
2555 2438
2556 2930
600 2557
2558 4233
1632 2559
2967 2560
2561 3197
2562 3218
3606 2563
1937 2564
4410 2565
4316 2566
2567 3311
2568 4053
2569 3544
1152 2570
2571 1615
4558 2572
2573 4972
2574 742
2071 2575
2576 671
2577 2373
2994 2578
2726 2579
2310 2580
1491 2581
4336 2582
2548 2583
3275 2584
2585 2634
2586 3030
3354 2587
2588 939
2589 307
2590 363
2591 4388
4687 2592
2571 2593
553 2594
2595 115
4471 2596
109 2597
2598 2579
2599 1083
2600 1174
2568 2601
2602 1403
1531 2603
2604 95
2605 3920
2606 3576
2607 3242
2608 1812
4572 2609
2785 2610
2611 3316
2612 3949
2209 2613
1870 2614
13 2615
1854 2616
2617 889
2618 731
2619 3435
2620 1819
4716 2621
2622 1006
2623 4594
2624 4532
2625 2078
2626 1567
2633 2627
3835 2628
2629 317
2630 943
1014 2631
2556 2632
1596 2633
2634 2322
2635 901
2636 799
2637 1946
2638 3819
2639 3185
730 2640
2641 2803
2642 3203
1364 2643
2644 3765
2645 3228
2419 2646
2647 305
119 2648
2649 2287
3977 2650
2095 2651
2014 2652
1069 2653
2654 3742
2655 2241
4390 2656
4271 2657
2658 2571
797 2659
947 2660
2661 3701
3870 2662
2663 3441
2664 4180
160 2665
2666 3911
394 2667
2668 4877
3572 2669
2670 4293
2671 1403
2672 4841
2673 2678
2674 2690
3208 2675
3734 2676
2677 3723
2678 2803
2679 3422
2680 4458
1393 2681
2682 1125
1218 2683
4710 2684
2685 884
889 2686
2237 2687
2688 2212
1426 2689
4997 2690
1271 2691
279 2692
1370 2693
2694 2158
1898 2695
2696 1673
2697 2232
1907 2698
3207 2699
2700 4304
2701 4257
2702 4166
2703 2563
1322 2704
4734 2705
2706 1161
4371 2707
3256 2708
2709 980
2710 2918
4729 2711
2712 119
2713 2022
2714 962
3181 2715
1008 2716
2717 1296
2287 2718
3525 2719
2720 326
2069 2721
4668 2722
4626 2723
2724 2330
986 2725
4497 2726
2727 3710
4270 2728
3662 2729
2122 2730
2461 2731
47 2732
4131 2733
2734 2046
711 2735
2736 4165
2737 3662
4458 2738
2739 763
3989 2740
4824 2741
2742 320
3248 2743
2744 2238
2277 2745
2746 1948
2747 2712
4647 2748
2749 3250
2869 2750
2751 732
2678 2752
2753 2035
2754 3795
2508 2755
2745 2756
2757 1228
2758 3369
2759 4406
4125 2760
3517 2761
2762 4510
2763 4281
2764 4062
3491 2765
2766 167
2767 2037
2768 4958
1985 2769
3289 2770
2771 1995
2772 1294
1364 2773
4975 2774
2775 2400
2449 2776
2777 4392
2778 3121
815 2779
2780 621
4049 2781
3604 2782
2783 1097
2019 2784
2785 3983
2786 2526
2787 4281
2788 251
4625 2789
2525 2790
3012 2791
298 2792
455 2793
636 2794
2795 1946
711 2796
2797 2001
2798 2594
4716 2799
2800 719
3056 2801
770 2802
3465 2803
3252 2804
2805 2717
4808 2806
2807 4877
3522 2808
3412 2809
2078 2810
2663 2811
2812 3280
2813 595
4707 2814
730 2815
2816 4351
2817 114
2818 1815
3052 2819
2820 1381
2821 2078
2822 1380
2823 3826
2824 348
2825 896
2826 2963
932 2827
4745 2828
4363 2829
2830 947
4986 2831
4856 2832
2833 924
2028 2834
2835 2734
2836 4280
2837 2873
3772 2838
3517 2839
2840 1148
2841 2792
1082 2842
2843 4710
2844 3228
394 2845
2846 649
430 2847
2848 1079
2849 569
669 2850
2851 2996
1764 2852
2485 2853
2854 601
2855 903
2856 20
2857 3856
2858 452
2859 2008
3349 2860
4900 2861
474 2862
1683 2863
665 2864
227 2865
2866 366
2189 2867
431 2868
4178 2869
2870 2451
834 2871
2872 4741
4353 2873
2874 3210
1246 2875
1391 2876
2762 2877
2878 1295
3557 2879
2880 4729
2881 939
1380 2882
2883 1754
2884 2141
1366 2885
3341 2886
2887 2277
2232 2888
2889 1682
1725 2890
2891 1939
2892 21
2410 2893
1053 2894
2895 4537
4489 2896
2897 639
1523 2898
2899 2343
2900 2383
2901 1148
2902 1323
2100 2903
1044 2904
2769 2905
2432 2906
2907 1540
3536 2908
2909 2521
2910 2871
1961 2911
2912 4393
1457 2913
1287 2914
2380 2915
2916 2969
2397 2917
4716 2918
2919 731
2920 4151
2921 2055
2922 364
4841 2923
3275 2924
3955 2925
2926 966
1822 2927
2928 4262
2929 2264
2930 4375
2931 705
1213 2932
4304 2933
2934 2270
1970 2935
2936 2274
2098 2937
3029 2938
4111 2939
2940 4594
2230 2941
2942 1168
2943 3835
3795 2944
2945 4885
1655 2946
2033 2947
3669 2948
2949 4310
4145 2950
2925 2951
1887 2952
267 2953
2954 4842
2955 1300
1178 2956
391 2957
4224 2958
2959 3548
391 2961
2962 292
3187 2963
2964 4343
2965 801
235 2966
1898 2967
2968 308
2969 2347
4707 2970
2971 1831
2476 2972
3317 2973
2974 966
2975 1242
2064 2976
4541 2977
2947 2978
2979 4685
4138 2980
2981 2769
2982 481
1092 2983
84 2984
2985 972
770 2986
3226 2987
2988 4421
4082 2989
2990 3612
2991 833
2992 1093
2993 392
1560 2994
3891 2995
2996 3825
2997 4067
2998 458
3520 2999
4730 3000
422 3001
3002 3386
2292 3003
3004 1629
3005 391
4653 3006
3007 4792
3193 3008
3009 2141
3010 2076
3011 452
3826 3012
3013 2954
2612 3014
3015 2266
3016 2288
2685 3017
3018 425
3019 179
3439 3020
3021 2499
731 3022
3012 3023
603 3024
3017 3025
4872 3026
145 3027
4317 3028
3029 1793
3030 3864
3031 2410
3032 3083
438 3033
1433 3034
4905 3035
3036 2227
451 3037
3038 716
1002 3039
3040 1788
3041 2797
3376 3042
3043 1444
3044 2612
247 3045
4791 3046
3047 316
3575 3048
3050 3049
869 3050
3442 3051
3052 3732
3334 3053
2410 3054
3055 2875
3056 3043
3057 4448
4686 3058
3155 3059
3060 63
2940 3061
2785 3062
3063 3096
3064 4734
3549 3065
3066 2299
3067 496
2256 3068
2274 3069
82 3070
3071 114
4024 3072
4212 3073
1520 3074
4180 3075
1733 3076
814 3077
2189 3078
3079 3392
871 3080
703 3081
3082 279
4388 3083
3084 1853
2300 3085
3086 2903
3087 4404
3088 4659
802 3089
3090 4410
1024 3091
1847 3092
3093 1219
3823 3094
4406 3095
4238 3096
3097 1640
1901 3098
3099 988
3100 1152
3101 553
3102 235
451 3103
4245 3104
3105 4929
569 3106
3107 3955
3108 4180
3109 4422
3110 4561
2370 3111
3032 3112
3113 1887
3114 1629
3115 2122
3116 3652
3117 2037
803 3118
3119 800
3120 4432
1420 3121
3122 3975
4923 3123
623 3124
4944 3125
3126 3238
4996 3127
549 3128
3129 30
1592 3130
3944 3131
1058 3132
4730 3133
3134 3010
1554 3135
3136 866
2735 3137
3138 3696
1909 3139
4165 3140
3141 3472
3701 3142
2785 3143
420 3144
3145 894
3146 3736
2906 3147
2006 3148
1438 3149
3150 2793
1314 3151
3152 1075
3823 3153
3154 4053
3676 3155
3156 1030
3656 3157
3158 2383
2476 3159
3389 3160
2478 3161
834 3162
3851 3163
2089 3164
112 3165
2518 3166
2079 3167
2251 3168
4016 3169
3170 4293
3171 2787
4896 3172
3173 496
4265 3174
3512 3175
3176 3848
3953 3177
1061 3178
3179 2177
3180 3061
4317 3181
3182 1970
4178 3183
3184 4082
3185 3317
3186 980
3187 1005
284 3188
3189 2810
617 3190
3191 111
4965 3192
3193 2111
3194 4833
3195 812
2976 3196
546 3197
3198 3472
3199 4877
3200 1822
2629 3201
3202 2461
2945 3203
3204 1294
3205 2238
3206 2891
3207 3525
3208 4217
3209 1325
2100 3210
2918 3211
1202 3212
3124 3213
3214 1948
3785 3215
2646 3216
3217 4326
3218 2560
3219 1328
1559 3220
3221 1341
3222 1733
2729 3223
3224 2256
4433 3225
4040 3226
2089 3227
2135 3228
4028 3229
3230 4967
3231 4606
433 3232
3233 2075
3234 814
3235 2440
677 3236
4370 3237
1083 3238
3239 2726
3240 908
3241 4986
334 3242
3243 4204
1894 3244
3245 2499
3246 1037
1548 3247
3248 1174
3249 4534
3250 52
2075 3251
1856 3252
2237 3253
3254 2875
3255 3945
2096 3256
4568 3257
4802 3258
3259 3732
3260 958
4874 3261
3262 4279
3278 3263
24 3264
3265 3409
1620 3266
4207 3267
247 3268
4218 3269
447 3270
3271 1306
3272 2856
3273 2246
3274 1013
1401 3275
3276 2873
3277 81
3278 3741
3858 3279
3280 1548
3281 1882
3282 4701
3283 1514
3284 2323
3285 2973
2010 3286
3287 1010
3288 2298
3289 4642
3290 232
2940 3291
4827 3292
3293 778
218 3294
3457 3295
4582 3296
3297 3005
1984 3298
98 3299
434 3300
943 3301
496 3302
3303 4284
878 3304
3305 3466
2443 3306
3307 394
3308 848
2368 3309
2898 3310
3311 1794
4843 3312
3313 3874
1260 3314
3315 2721
3316 2521
3317 1449
3318 1930
850 3319
3320 1298
1531 3321
3322 2240
3323 3937
3324 1882
3325 2828
3326 208
1180 3327
3328 2690
3329 2140
2183 3330
559 3331
2140 3332
3333 4611
3334 348
3335 642
3336 4898
3337 2179
102 3338
924 3339
3340 1487
3341 2402
3995 3342
1457 3343
3344 2065
797 3345
3346 2490
1666 3347
3349 3348
3349 3311
3350 2492
549 3351
1242 3352
3353 501
3354 810
553 3355
2277 3356
3357 4842
1420 3358
3359 1787
3360 47
3361 467
84 3362
2148 3363
759 3364
1296 3365
3517 3366
3367 296
3368 2854
3369 2058
3370 500
3371 3289
3990 3372
3373 1911
1508 3374
3375 413
3376 4222
3377 613
1568 3378
3379 3828
3606 3380
4140 3381
3382 2299
4276 3383
3384 908
3385 4317
1912 3386
2787 3387
3989 3388
4077 3389
1531 3390
3391 2831
1543 3392
3916 3393
3394 2538
3238 3395
3396 454
3397 4816
3398 2299
3399 798
3400 649
3032 3401
3402 3346
517 3403
1908 3404
3405 1328
4910 3406
3407 3776
3408 2619
1656 3409
1384 3410
3411 4765
4279 3412
183 3413
3414 3721
2674 3415
3416 114
1762 3417
425 3418
4541 3419
4327 3420
4676 3421
1323 3422
962 3423
4863 3424
3425 1460
3426 3326
3432 3427
3238 3428
3394 3429
4348 3430
3431 4240
605 3432
1044 3433
3651 3434
3385 3435
798 3436
316 3437
3438 457
3439 189
3440 1543
3441 1487
4597 3442
3443 967
3444 1925
2173 3445
1674 3446
294 3447
3448 1848
3777 3449
4709 3450
2131 3451
1005 3452
2109 3453
4433 3454
3455 2310
3456 1984
1564 3457
3458 512
3459 2755
3460 1292
305 3461
150 3462
3463 2254
778 3464
3465 4084
3466 1129
3467 3643
3506 3468
3469 1284
118 3470
858 3471
4572 3472
2466 3473
529 3474
257 3475
4547 3476
3477 2079
3478 2292
3166 3479
3480 3920
3481 4128
3482 3845
3483 4709
3484 3787
2572 3485
392 3486
3487 1698
952 3488
3489 1446
3490 4632
3491 158
3492 2704
3493 1260
3494 3763
3495 2971
2989 3496
3497 1454
3498 1788
3499 3029
1859 3500
2698 3501
3502 33
642 3503
3504 4861
2560 3505
1822 3506
3582 3507
4247 3508
3509 2152
3182 3510
236 3511
3512 261
3513 464
3514 2841
3276 3515
2433 3516
3517 830
1668 3518
3519 2761
102 3520
2631 3521
3522 4786
665 3523
3524 4775
3525 4280
3526 1336
2298 3527
3716 3528
3866 3529
3530 4594
2925 3531
331 3532
1319 3533
2544 3534
3535 413
111 3536
3198 3537
3538 737
3888 3539
3540 4434
3541 3867
3542 4022
906 3543
2003 3544
3545 2576
3546 2612
530 3547
1947 3548
3549 4832
3082 3550
3551 2794
3552 3412
3553 352
3554 3665
3555 343
1205 3556
3557 1492
3558 3965
3559 578
3703 3560
3561 2364
3562 3730
4693 3563
912 3564
1009 3565
200 3566
3567 4076
3568 1307
3150 3569
3778 3570
3571 4410
3572 4955
3573 4576
3574 2330
3498 3575
2334 3576
3793 3577
3578 3804
3579 1288
3580 118
2906 3581
3582 1021
3583 1663
529 3584
199 3585
3586 4471
3587 703
3588 2396
3589 3837
3590 3124
2698 3591
3592 3986
159 3593
3571 3594
3595 3823
2266 3596
3597 2661
3598 2025
3599 4724
4724 3600
3601 1455
3602 210
4737 3603
2526 3604
3843 3605
2472 3606
209 3607
3608 208
4127 3609
4894 3610
3611 894
613 3612
3613 2018
3614 984
4820 3615
288 3616
3617 3300
3618 3835
1333 3619
65 3620
4206 3621
2832 3622
3623 755
3624 4110
3625 4463
3626 2096
4489 3627
3628 2183
3629 3897
3630 4828
3444 3631
3632 4716
2607 3633
3634 2343
3660 3635
4576 3636
4323 3637
3638 574
3639 2526
1371 3640
1084 3641
500 3642
2606 3643
4007 3644
3645 3354
1566 3646
3647 821
3187 3648
438 3649
3650 3309
3651 1010
3652 2141
2148 3653
3654 3771
3889 3655
1613 3656
4636 3657
3658 4468
3659 390
3660 4107
3661 3793
3662 2082
3663 3666
1746 3664
3665 331
3666 3848
3667 1006
2765 3668
3669 167
1037 3670
3671 2662
3672 3943
3617 3673
3552 3674
4290 3675
673 3676
590 3677
1625 3678
251 3679
3680 317
2525 3681
3682 2927
3683 4865
1715 3684
3685 3376
1409 3686
4865 3687
3508 3688
286 3689
3690 3323
3691 1527
3692 4520
2775 3693
3694 2856
1666 3695
3696 4945
3432 3697
3698 1286
3699 4075
3700 2884
3701 3018
3702 3066
825 3703
2100 3704
1052 3705
47 3706
1348 3707
3708 641
3709 1416
3710 2884
2803 3711
3712 2056
2950 3713
4508 3714
3715 4604
3048 3716
3514 3717
678 3718
3719 1206
3720 4172
285 3721
2960 3722
4024 3723
1610 3724
3725 967
3726 57
3727 1790
4 3728
4128 3729
2397 3730
3731 3341
3732 1091
3733 2466
2334 3734
1414 3735
1220 3736
3737 2179
1029 3738
3739 1455
3740 1158
3639 3741
2078 3742
121 3743
3376 3744
3745 649
569 3746
3747 3962
3748 4846
3749 3922
4903 3750
492 3751
2436 3752
3753 1205
3754 4148
4016 3755
2692 3756
1714 3757
3758 1645
4153 3759
299 3760
3943 3761
4092 3762
2755 3763
3764 729
3765 778
3766 2705
3767 3295
315 3768
3769 1037
163 3770
1093 3771
3772 129
3139 3773
4514 3774
3775 595
3776 1281
1788 3777
3778 4128
3779 1236
3780 3043
3781 1713
3782 3879
3825 3783
3784 1838
3176 3785
299 3786
3787 3529
3788 509
2508 3789
1348 3790
96 3791
3792 3197
4146 3793
3794 1568
3810 3795
3796 615
3669 3797
1995 3798
2298 3799
2003 3800
1069 3801
3802 2398
3040 3803
2600 3804
4768 3805
3806 3817
3807 3617
156 3808
2602 3809
4997 3810
3811 3369
1668 3812
3813 3544
4027 3814
4849 3815
1730 3816
3292 3817
3818 4276
3819 2010
3820 479
3821 4111
3828 3822
3823 844
3824 383
3825 2792
928 3826
4643 3827
3828 679
3829 3528
3830 1527
3831 1508
3832 1645
3833 1489
3637 3834
3835 923
3836 2721
3837 4512
1736 3838
3839 49
3840 3636
3841 1222
4335 3842
3843 2256
2845 3844
938 3845
797 3846
716 3847
3848 4642
1793 3849
3850 2571
984 3851
71 3852
2852 3853
2423 3854
2076 3855
3856 2526
2378 3857
3858 1543
1116 3859
3860 111
332 3861
1950 3862
3863 1022
445 3864
3865 4941
3866 3283
4900 3867
2976 3868
4102 3869
3870 2222
4992 3871
2527 3872
1218 3873
3710 3874
3875 4207
3876 3816
2346 3877
3878 2345
3879 3306
1833 3880
3881 2088
3882 1280
3883 3999
3884 4191
488 3885
3886 3514
3887 3292
3888 10
4138 3889
3890 4225
3891 4112
3892 4670
3888 3893
4748 3894
4183 3895
3896 2108
2835 3897
1941 3898
3899 457
3900 924
630 3901
2443 3902
3903 4285
3904 2147
3905 892
4165 3906
240 3907
3908 2013
3488 3909
3723 3910
3911 4401
3213 3912
508 3913
4504 3914
4474 3915
3916 732
952 3917
37 3918
3919 1394
4757 3920
2950 3921
3922 1624
4200 3923
3924 52
3925 759
3926 4916
3927 4633
723 3928
4938 3929
1199 3930
1946 3931
3932 1649
115 3933
3934 3817
3935 3029
3936 4676
3248 3937
3938 4566
1610 3939
3940 3520
4359 3941
3942 4568
3943 228
4512 3944
3945 812
2793 3946
2852 3947
4671 3948
3949 2572
1714 3950
3951 4483
3952 552
3953 4246
3954 4346
1668 3955
3956 3457
3957 2380
1950 3958
3959 1534
1220 3960
4775 3961
3962 1318
4985 3963
1496 3964
2478 3965
3966 1577
4136 3967
4161 3968
4190 3969
3970 1420
3971 3683
1988 3972
3973 396
3974 2517
3975 286
2035 3976
3977 2119
4568 3978
3979 4512
172 3980
4348 3981
3982 4592
1069 3983
3984 4748
3985 430
3986 4774
2251 3987
2683 3988
1971 3989
3990 2412
3991 909
1104 3992
3993 1654
3994 3278
3995 1620
517 3996
2465 3997
3096 3998
3999 2575
4000 3181
4001 2191
4002 2168
4003 428
2348 4004
4005 4122
4006 942
4710 4007
934 4008
3311 4009
2055 4010
2133 4011
3996 4012
868 4013
3527 4014
807 4015
1590 4016
4017 4167
4018 2027
4019 1919
10 4020
1125 4021
1787 4022
4023 1693
4024 2515
360 4025
4026 3445
4027 4083
4028 2631
4029 115
2518 4030
2967 4031
496 4032
4033 3573
4034 1672
881 4035
2445 4036
2713 4037
4038 2859
3094 4039
4040 4393
4041 3300
3225 4042
4043 4561
906 4044
1483 4045
4468 4046
1663 4047
4048 1057
4816 4049
3701 4050
1447 4051
4052 1322
4053 4295
1653 4054
4055 4687
3336 4056
4295 4057
949 4058
884 4059
1116 4060
4061 1811
300 4062
1091 4063
4064 2195
4065 555
4066 3899
3289 4067
1476 4068
4069 1968
4070 316
2479 4071
2726 4072
4073 4322
1438 4074
4075 3527
4076 1819
1133 4077
2874 4078
4079 1613
4080 3488
199 4081
4082 684
4083 732
4084 1600
4085 2096
4086 4396
4087 4849
4088 698
4089 4149
3310 4090
4091 1370
3081 4092
4093 1199
4094 2196
4095 865
4096 2561
4278 4097
3149 4098
332 4099
4100 159
4101 1698
4232 4102
2661 4103
4104 964
2359 4105
2631 4106
4107 3960
4108 1287
1998 4109
4550 4110
2025 4111
2123 4112
4113 665
4114 2011
1316 4115
763 4116
3016 4117
4118 2261
1750 4119
4833 4120
1028 4121
4122 891
4123 4253
4124 1714
4270 4125
4126 588
92 4127
4128 225
4129 2940
4130 955
4131 2646
830 4132
4133 1452
4134 2832
4135 4014
3168 4136
2394 4137
3623 4138
1870 4139
4140 2715
939 4141
4142 2384
4083 4143
4144 4597
2055 4145
2790 4146
962 4147
4148 2331
3221 4149
4150 2858
338 4151
4152 1729
4331 4153
1305 4154
4161 4155
491 4156
4157 2946
4158 626
4451 4159
4160 3292
4161 1810
4257 4162
4163 1908
4206 4164
4165 3620
4166 2490
1384 4167
1066 4168
4370 4169
40 4170
2361 4171
4172 2419
228 4173
4174 1912
4175 3040
1600 4176
1176 4177
853 4178
1061 4179
4180 2729
4181 1167
4182 2262
4166 4183
428 4184
4185 2969
4186 3703
3723 4187
1394 4188
4189 2845
4190 2299
4191 957
4192 2455
4193 1645
3075 4194
4195 6
4196 2174
4814 4197
4198 40
2699 4199
4200 1452
4201 642
4489 4202
4203 2560
4204 1035
3667 4205
844 4206
1935 4207
3465 4208
4209 2769
10 4210
634 4211
4212 2331
4213 1030
4162 4214
4215 2884
20 4216
4217 1984
31 4218
4219 4212
1886 4220
4221 1572
3676 4222
1486 4223
530 4224
4225 3994
4226 1416
3198 4227
4228 588
4229 86
4230 4863
3815 4231
4232 1920
4233 801
4234 4077
4235 1937
3867 4236
1364 4237
4238 2570
4327 4239
4945 4240
4241 4280
4242 1925
4243 1964
2885 4244
4245 2998
4246 1567
652 4247
4248 2461
4701 4249
4250 2065
4251 3927
4252 2869
4080 4253
4254 4869
1002 4255
4256 333
4257 4127
119 4258
4259 718
2002 4260
4261 859
4262 3476
617 4263
2019 4264
4265 4396
63 4266
1009 4267
1581 4268
18 4269
2071 4270
457 4271
4272 4349
3592 4273
3204 4274
4275 4170
4276 1649
2721 4277
4278 1134
4279 1242
2173 4280
4733 4281
3922 4282
3512 4283
2563 4284
3323 4285
3133 4286
4287 3190
4288 2036
2373 4289
522 4290
4291 4193
2648 4292
4293 1009
4294 2685
4295 337
240 4296
2442 4297
4298 2241
4888 4299
4300 1539
2798 4301
4302 198
3020 4303
4304 510
4305 3870
4306 4982
1135 4307
3955 4308
4309 4840
4310 3637
4311 2635
4312 4717
4313 4129
4314 4893
4315 517
4316 3147
2838 4317
4184 4318
4319 4270
4320 509
4321 803
4322 3050
788 4323
4324 4496
4863 4325
4326 343
420 4327
4328 2788
4329 1319
4126 4330
2264 4331
810 4332
4802 4333
1956 4334
1956 4335
4336 4284
4337 4249
4338 345
4339 613
258 4340
4341 4247
307 4342
4343 896
4344 3994
4345 4551
4346 3937
3795 4347
3395 4348
4349 4528
4350 4669
4351 2840
4352 81
4353 1159
507 4354
4355 2168
2195 4356
2060 4357
4358 2800
4359 2515
4494 4360
4361 3596
4362 3005
4363 2320
4364 2572
3373 4365
2869 4366
4448 4367
4368 1859
1997 4369
4370 2198
4531 4371
3845 4372
4373 3780
2478 4374
2472 4375
4376 4310
4769 4377
2732 4378
1567 4379
1589 4380
4381 3944
4382 1649
1993 4383
1244 4384
1417 4385
4386 111
2704 4387
4388 1019
1057 4389
4390 145
4391 4800
331 4392
2703 4393
1597 4394
3617 4395
4221 4396
4397 621
4398 1269
2909 4399
2758 4400
2960 4401
4402 1293
3146 4403
4982 4404
4405 357
4406 1057
2587 4407
1885 4408
2279 4409
782 4410
4411 4102
4067 4412
143 4413
4414 2632
3945 4415
4416 4395
292 4417
4418 2191
4419 4869
4420 159
4421 3316
3657 4422
4423 4359
1539 4424
4425 531
4426 4890
3187 4427
852 4428
4429 848
2852 4430
3334 4431
4631 4432
4433 897
4434 2347
3960 4435
158 4436
4437 828
4438 3300
2976 4439
4343 4440
2970 4441
4442 4941
4443 3651
4730 4444
4445 2878
4446 2798
4447 210
4022 4448
4449 4647
4450 3575
4451 317
1729 4452
4453 3937
4454 2322
4455 2617
4456 682
4457 2040
4458 126
4459 4653
4460 2858
4461 4561
686 4462
4463 4154
4464 4006
4465 3323
2769 4466
4467 4406
2222 4468
4469 3866
4470 4730
3990 4471
4472 2828
4473 525
4476 4474
1748 4475
4476 2436
4477 4913
4478 2873
4479 1318
790 4480
4481 4353
4482 3139
4483 3714
3488 4484
3227 4485
4486 4280
1609 4487
4488 4183
4489 3274
2947 4490
4491 2916
1275 4492
4493 2004
4494 2374
4495 4874
4496 2865
4497 4824
3094 4498
4499 539
4500 753
4913 4501
4502 404
4503 2715
4504 4923
364 4505
884 4506
2035 4507
4508 165
2970 4509
2319 4510
1433 4511
4512 4895
4513 3224
1737 4514
590 4515
1589 4516
4982 4517
2927 4518
4519 2982
4520 1618
4234 4521
4522 2618
4523 2712
4524 1449
4525 840
1403 4526
4527 4011
4528 3535
4529 296
4530 640
4531 2080
4643 4532
4533 4463
3893 4534
1444 4535
465 4536
4537 468
2003 4538
4539 339
4471 4540
3616 4541
4542 2963
4543 4362
4544 2374
4545 1203
4546 1602
1723 4547
1199 4548
4549 531
4880 4550
4551 4245
4557 4552
4553 33
4779 4554
4555 828
4556 4092
4557 156
4558 4746
4559 4011
2838 4560
4561 1683
3787 4562
2761 4563
4564 4629
2762 4565
4566 4392
3358 4567
4568 2033
1633 4569
4570 3153
4571 3369
4572 2436
4573 218
1371 4574
4575 644
3407 4576
2606 4577
4578 2024
4579 1743
1958 4580
1235 4581
4582 3149
4890 4583
4584 569
4585 1328
3886 4586
4587 507
4588 3656
4589 1077
4590 174
4591 1559
4592 52
4593 398
2633 4594
3466 4595
4919 4596
4597 541
2300 4598
4599 4572
4600 3385
980 4601
426 4602
179 4603
2539 4604
4605 4451
4606 4218
628 4607
4608 2048
4287 4609
4610 3829
500 4611
298 4612
4613 4523
4614 4973
4615 1812
100 4616
1708 4617
2712 4618
3415 4619
635 4620
3334 4621
4622 3442
4623 2256
3006 4624
820 4625
4626 578
2835 4627
1098 4628
4629 1656
4630 46
3274 4631
2672 4632
4921 4633
4634 4631
4635 3058
3514 4636
2266 4637
4638 3828
4639 2347
4640 4112
4153 4641
4386 4642
2732 4643
4644 4028
812 4645
4646 1776
1941 4647
4648 4755
4649 4428
4650 3067
4821 4651
4652 3118
1012 4653
4654 4295
4655 4166
4656 3734
4657 4131
4658 4514
4779 4659
671 4660
3948 4661
4662 1058
4663 4171
4664 3962
4665 244
4666 4497
2850 4667
2449 4668
4669 3714
132 4670
4671 1341
4401 4672
4673 1341
4814 4674
2661 4675
4676 311
4677 3571
4678 3742
4633 4679
4680 3999
3075 4681
4682 1777
4683 335
4684 4799
4685 3164
1077 4686
4687 1808
56 4688
4689 193
4690 161
2750 4691
339 4692
4662 4693
1894 4694
136 4695
1961 4696
3530 4697
3760 4698
4699 427
471 4700
909 4701
1483 4702
1002 4703
4704 1624
4705 3666
4706 2080
2786 4707
4708 2168
4709 1921
4710 2531
4031 4711
4712 95
1322 4713
4714 2841
4715 1000
3453 4716
4717 299
4718 438
4719 2717
4720 2976
1764 4721
4707 4722
467 4723
3326 4724
4725 945
4726 2051
4727 2264
4728 1037
4729 3010
4730 4305
4731 866
4732 3693
4733 4167
757 4734
4735 4261
40 4736
4737 4576
4738 2930
4739 315
4044 4740
4470 4741
1568 4742
4743 737
4744 2617
2576 4745
465 4746
3911 4747
4020 4748
1275 4749
4750 719
582 4751
1488 4752
4075 4753
4754 398
4755 4304
3600 4756
2925 4757
4758 4554
4759 2998
1086 4760
4761 2397
4762 1423
3856 4763
3557 4764
4765 4201
1161 4766
2663 4767
4768 3974
1808 4769
286 4770
4771 3012
2490 4772
3131 4773
2104 4774
4775 4276
4776 1882
3079 4777
4778 1764
4779 3643
4780 1362
3839 4781
4782 172
2798 4783
4784 1286
1238 4785
2175 4786
4787 3616
4788 4482
4024 4789
4790 3388
4642 4791
4792 1592
4793 479
3415 4794
4795 891
1296 4796
4797 2685
4968 4798
4799 3741
4824 4800
3408 4801
1501 4802
4803 4161
3435 4804
4611 4805
357 4806
4807 4541
1061 4808
307 4809
4810 4769
4811 1366
4812 300
4813 177
2632 4814
4815 1854
4816 4426
4817 1152
2017 4818
1014 4819
1630 4820
1086 4821
3826 4822
3056 4823
4824 3028
1490 4825
4826 4193
4827 788
4828 3665
4829 2443
541 4830
4204 4831
4832 1554
4833 4574
3995 4834
465 4835
1958 4836
251 4837
129 4838
4839 160
3029 4840
4841 2173
3373 4842
972 4843
1730 4844
4845 4895
1174 4846
225 4847
4833 4848
877 4849
4850 2331
1551 4851
4852 1417
1853 4853
4854 200
3549 4855
4856 688
4857 2835
4858 2797
4859 3492
4860 909
2750 4861
4862 3996
479 4863
4864 617
4127 4865
1233 4866
2374 4867
4868 63
4869 2109
1275 4870
4752 4871
4872 3529
298 4873
4874 3879
4875 3461
4876 2438
740 4877
4878 3223
4879 766
4170 4880
4119 4881
487 4882
3149 4883
3205 4884
4885 1069
4886 964
4887 4980
1831 4888
4889 2449
4890 840
4891 2195
4892 1811
4893 652
4777 4894
4895 3356
4896 479
4897 2576
82 4898
782 4899
4900 2064
1901 4901
364 4902
393 4903
3460 4904
3139 4905
4906 4136
4184 4907
4908 3121
759 4909
4910 1417
4911 1504
4912 426
4913 2302
363 4914
4915 1152
4896 4916
3067 4917
4918 4990
4919 1377
803 4920
4164 4921
4922 1920
1050 4923
4924 2909
4989 4925
2433 4926
4927 2024
4928 4569
4929 2311
1815 4930
3779 4931
3480 4932
4494 4933
4934 4453
3379 4935
4936 1329
158 4937
4938 284
4939 21
4940 1079
4941 4561
4631 4942
4943 1391
4944 1133
4945 3392
493 4946
4947 4929
4948 3778
1701 4949
1981 4950
4951 2517
4952 4502
1111 4953
4748 4954
1097 4955
1554 4956
4957 4920
1084 4958
4959 4002
2746 4960
3661 4961
3147 4962
4963 2871
4624 4964
1384 4965
4966 4888
591 4967
4968 404
4265 4969
4970 86
4971 2196
3439 4972
2881 4973
3932 4974
4975 109
265 4976
1924 4977
1539 4978
1348 4979
4685 4980
4981 356
3445 4982
4348 4983
4984 603
2481 4985
4986 3933
4987 4181
4988 4507
3620 4989
2886 4990
4861 4991
2738 4992
4993 2967
4994 4576
4995 1307
4996 2837
1894 4997
4951 4998
4999 447
2460 5000
[Finished in 0.3s]