5000 
1 1575
3542 2
2959 3
4 1356
5 3443
6 506
7 2139
1990 8
9 1180
10 3711
11 1879
4826 12
13 2657
14 1041
2397 15
1366 16
4726 17
4373 18
3 19
20 1789
2539 21
292 22
23 645
2690 24
25 4642
26 4716
27 116
2516 28
4023 29
30 1837
31 4453
4784 32
33 904
2756 34
274 35
36 2455
37 2526
38 713
39 1059
4867 40
41 294
372 42
43 4217
1149 44
2428 45
4011 46
47 4732
1941 48
1642 49
397 50
51 2693
1621 52
53 528
3803 54
1806 55
3785 56
57 2007
58 2849
423 59
324 60
61 1743
62 3202
63 2730
2401 64
65 4426
66 4043
2241 67
68 1068
69 3875
4529 70
71 4656
72 2941
4594 73
74 3075
3309 75
76 3455
1508 77
2504 78
1554 79
80 435
3839 81
82 2593
83 3001
61 84
3067 85
137 86
3198 87
88 4603
89 3262
1031 90
91 1808
92 3523
560 93
2536 94
1639 95
2220 96
530 97
1546 98
3589 99
100 4855
3401 101
102 1713
3661 103
565 104
105 3531
106 2080
674 107
108 1
109 10
4857 110
111 889
1532 112
113 2658
3559 114
467 115
2248 116
1323 117
118 3388
4948 119
120 306
452 121
4872 122
4251 123
124 804
125 220
4069 126
127 1995
497 128
129 155
3541 130
4698 131
132 4653
3423 133
134 2541
135 4808
136 3434
137 3568
3581 138
806 139
140 181
548 141
3421 142
143 3366
1644 144
145 4156
1592 146
147 3095
148 3814
4138 149
150 3651
1753 151
3525 152
394 153
4575 154
4024 155
5 156
157 44
1308 158
159 484
4067 160
851 161
4725 162
2779 163
1482 164
1488 165
2902 166
167 1786
168 2771
169 1550
707 170
2829 171
172 75
4677 173
3210 174
1258 175
176 267
177 170
389 178
179 3302
180 2668
2447 181
1962 182
183 2472
184 291
3376 185
2506 186
3497 187
464 188
189 4001
3414 190
191 4015
192 3578
193 3276
194 4836
195 924
393 196
197 4542
198 2477
4003 199
3912 200
1074 201
2145 202
4174 203
204 5000
4756 205
774 206
4091 207
2005 208
3771 209
4226 210
211 162
212 6
213 3998
214 194
215 2550
228 216
4171 217
218 1892
219 2144
220 2252
221 1616
222 2101
2503 223
639 224
225 3701
226 681
227 48
4397 228
229 339
1701 230
4750 231
232 4123
233 2360
234 1448
235 3656
236 3906
3384 237
1537 238
239 4627
3995 240
241 3192
450 242
243 4129
244 807
245 358
246 1450
247 2274
3703 248
249 448
1203 250
4706 251
1191 252
253 1881
254 286
4330 255
256 985
257 1437
3267 258
259 3718
1542 260
261 203
2298 262
3223 263
2325 264
2020 265
4415 266
1890 267
251 268
269 1492
2735 270
1336 271
272 4097
273 1632
274 3317
619 275
177 276
4072 277
278 625
3261 279
1317 280
3123 281
622 282
283 4383
284 881
285 3174
2025 286
1766 287
288 4445
289 2985
1055 290
291 4981
292 127
4986 293
270 294
295 2394
296 4980
4917 297
4051 298
299 490
300 4972
301 3625
302 2608
4910 303
1330 304
3528 305
306 1458
307 82
308 1264
309 1993
310 3494
1531 311
312 2514
313 3861
314 4745
315 2155
4105 316
317 2561
318 1236
319 3957
3610 320
1720 321
810 322
3678 323
324 2351
325 353
3898 326
239 327
2233 328
861 329
70 330
2386 331
332 1313
1834 333
334 236
335 3259
4328 336
4178 337
2991 338
282 339
3890 340
341 2708
342 4284
343 1237
344 2383
345 3036
1217 346
373 347
348 3453
3850 349
2244 350
2969 351
3694 352
3213 353
354 4115
355 349
2109 356
357 748
358 2069
378 359
3179 360
361 4285
3648 362
363 2246
213 364
4304 365
366 1187
367 4202
368 4193
2205 369
370 1762
4218 371
372 92
373 2228
374 3767
375 4380
1558 376
377 1119
4128 378
379 399
3472 380
381 1891
4668 382
383 3392
108 384
385 4817
386 1622
387 261
39 388
302 389
1655 390
391 2511
2165 392
393 942
394 3571
4466 395
4573 396
397 3899
398 4676
612 399
2318 400
401 4962
402 4306
403 976
4472 404
405 2172
406 965
2194 407
1833 408
409 3636
1107 410
411 2422
4899 412
413 141
414 3063
415 3229
416 3212
417 413
1113 418
419 1593
2277 420
2272 421
3386 422
423 1371
424 2809
3866 425
426 1860
3867 427
4234 428
2548 429
430 4083
4528 431
1008 432
1128 433
2057 434
435 4761
2179 436
437 3740
438 2424
2887 439
4075 440
1379 441
442 2750
1018 443
444 1590
445 117
446 2256
3122 447
448 1509
1035 449
450 2203
451 3921
1798 452
1177 453
454 4978
455 4283
3431 456
457 962
4633 458
3552 459
4159 460
461 1768
3416 462
3468 463
464 4007
4081 465
1706 466
1777 467
4073 468
4589 469
470 308
471 4966
472 1435
473 1398
4960 474
4490 475
476 1732
477 1405
478 4059
1112 479
3361 480
2271 481
482 4916
1577 483
871 484
485 3949
396 486
487 1976
2389 488
489 2925
3607 490
2629 491
492 3860
493 3281
1801 494
495 2715
496 329
1985 497
1679 498
499 3779
232 500
501 2301
4088 502
406 503
504 2377
505 3023
3150 506
507 1462
508 3294
509 4778
510 828
4321 511
3171 512
513 1533
514 1938
515 1725
516 1047
517 1739
518 4221
519 2910
520 2185
521 1005
2438 522
523 4958
524 3435
525 4610
3363 526
527 572
468 528
529 4424
3914 530
1480 531
532 3970
1520 533
4864 534
2407 535
536 2267
3967 537
538 4788
539 2498
540 1331
541 2309
542 3362
543 3450
544 1056
545 81
4223 546
1145 547
548 2840
549 1602
550 2522
551 3367
1140 552
553 2737
554 4684
400 555
4623 556
3983 557
1912 558
3904 559
560 4913
561 2104
562 3426
563 2711
564 4955
2557 565
3882 566
567 2953
2247 568
1977 569
4310 570
3808 571
572 655
573 4781
574 2085
575 476
3802 576
577 1952
578 2229
579 3350
1142 580
581 2308
4152 582
583 2500
1415 584
2732 585
586 3587
469 587
2324 588
3293 589
3151 590
591 3870
592 3923
3091 593
594 3812
1208 595
596 1785
597 3329
902 598
3478 599
1251 600
2449 601
542 602
603 3928
604 4110
605 3556
606 367
607 4197
608 3917
2684 609
4242 610
305 611
612 2578
4473 613
614 4680
1971 615
616 4250
617 596
618 4047
1157 619
1071 620
621 1166
622 1062
623 1424
624 3200
625 2877
626 4439
627 157
628 2081
629 1154
630 2757
2812 631
2421 632
553 633
634 805
536 635
636 4367
637 3654
2975 638
639 893
992 640
641 670
2833 642
201 643
1649 644
645 4567
3360 646
4324 647
648 2276
4722 649
650 2751
651 815
652 3254
653 4687
3282 654
592 655
4858 656
905 657
1114 658
3591 659
660 2288
4498 661
662 4464
663 3540
2327 664
843 665
4348 666
634 667
892 668
669 3631
670 2366
671 737
803 672
4892 673
1220 674
675 1120
903 676
677 4975
678 4903
4963 679
1006 680
1543 681
682 4845
3241 683
1122 684
3606 685
1207 686
3138 687
688 4580
746 689
4095 690
691 2810
692 499
1501 693
3116 694
4702 695
696 2878
682 697
698 932
974 699
700 380
701 3717
702 4162
703 817
704 3099
705 443
706 1096
2303 707
4357 708
4929 709
710 1744
663 711
732 712
713 2574
3081 714
715 980
716 409
1348 717
718 2340
719 4457
3035 720
721 2748
722 4013
3077 723
724 1202
3646 725
4060 726
1286 727
4032 728
729 1225
1019 730
731 978
732 1009
869 733
2582 734
735 2971
1000 736
488 737
738 3364
739 2852
4403 740
1716 741
742 2006
1053 743
744 4276
1574 745
746 336
747 1329
1073 748
749 1619
750 2639
1960 751
752 4359
4149 753
2512 754
3515 755
756 2310
757 811
758 1705
3313 759
760 2679
2739 761
762 799
763 1781
1063 764
765 3598
766 3160
767 948
768 4339
769 1467
1240 770
1230 771
772 4851
3976 773
774 4455
3971 775
3473 776
1044 777
778 3982
779 190
780 3672
781 174
2879 782
3301 783
784 747
785 2781
2875 786
1827 787
4429 788
3114 789
3884 790
791 1431
792 3014
1380 793
794 2211
795 514
796 951
1835 797
798 2036
799 899
3744 800
1274 801
802 2004
4829 803
4347 804
1049 805
806 3491
807 3206
3924 808
809 1997
810 299
1283 811
2223 812
3220 813
878 814
815 2328
3009 816
1836 817
818 68
4147 819
820 692
821 3731
4176 822
823 3098
824 2993
825 323
4492 826
1214 827
1670 828
3505 829
830 1248
363 831
832 2442
2529 833
834 1898
4730 835
401 836
4279 837
1147 838
379 839
840 2861
841 4671
4254 842
843 1674
4777 844
4167 845
846 714
847 3193
848 1760
849 3700
4237 850
851 3015
4586 852
2011 853
854 1504
2120 855
856 4833
857 2858
858 4101
859 3305
2823 860
861 4232
862 191
863 835
864 3956
1660 865
866 3072
3315 867
4922 868
869 995
870 3707
871 3215
2623 872
873 1268
874 708
2468 875
1261 876
4818 877
2728 878
4654 879
880 114
881 3394
4770 882
3017 883
4378 884
624 885
888 886
887 4828
888 2994
889 4336
890 1167
891 968
749 892
893 3533
894 3821
895 3325
896 3327
1438 897
109 898
3322 899
4547 900
901 3058
902 3840
903 838
904 4407
905 4092
3437 906
907 4186
1631 908
1903 909
2950 910
911 1564
3910 912
913 4800
914 3937
915 4356
916 4365
917 2718
2894 918
4344 919
206 920
2273 921
4577 922
923 4598
924 84
925 3933
926 4540
927 2888
3097 928
4208 929
1115 930
4678 931
3551 932
4409 933
934 3558
935 1040
3203 936
937 3195
938 4927
939 2766
940 1769
941 3946
942 3936
943 662
944 1136
945 129
159 946
947 2643
948 4084
949 585
950 954
1318 951
1215 952
953 79
954 4090
955 56
956 4469
1159 957
958 731
1978 959
960 2336
961 1896
4256 962
4925 963
3107 964
965 470
966 3046
967 474
968 4247
969 3182
1069 970
971 3723
3041 972
973 3356
974 345
1123 975
976 1205
1281 977
333 978
1020 979
914 980
981 3615
982 867
4163 983
984 3069
985 3180
986 856
987 482
2956 988
989 3008
990 1515
1088 991
3962 992
993 4207
2900 994
1151 995
996 1304
997 3141
998 3110
999 3911
1000 1934
1819 1001
2326 1002
1028 1003
3391 1004
706 1005
4999 1006
1007 960
779 1008
603 1009
3535 1010
1011 2895
4497 1012
1013 2576
2998 1014
4667 1015
1016 102
555 1017
1018 3696
1019 3594
2825 1020
98 1021
1022 2768
3454 1023
3755 1024
2445 1025
3411 1026
2319 1027
1028 2055
766 1029
3925 1030
1031 781
4885 1032
2934 1033
1034 263
1035 3988
1036 3863
1037 2173
2683 1038
1039 311
4331 1040
1041 523
4048 1042
1043 3089
950 1044
1045 1689
3030 1046
3258 1047
3783 1048
2841 1049
3345 1050
4974 1051
1052 3119
1053 3719
1054 472
1055 3640
3130 1056
785 1057
1058 3466
3300 1059
3915 1060
1061 3333
1062 3121
1063 1013
1064 2338
1065 544
1066 740
3347 1067
1068 1048
1069 1262
3173 1070
1755 1071
1072 4300
1073 3688
890 1074
4408 1075
1413 1076
1077 1484
1078 556
1499 1079
947 1080
1081 2188
1082 522
1083 142
567 1084
1085 2505
1086 2440
3199 1087
1088 3002
1042 1089
1090 3189
1091 4261
335 1092
4774 1093
1094 2038
866 1095
1721 1096
4238 1097
1098 439
3225 1099
1100 983
3115 1101
1102 2996
24 1103
1104 4489
1105 1850
4591 1106
1442 1107
1014 1108
1680 1109
941 1110
1951 1111
1112 598
1113 4225
2936 1114
1115 2920
1116 1667
1117 2958
1118 1576
1119 4355
1120 4077
1440 1121
956 1122
1123 2854
4546 1124
820 1125
896 1126
1127 3436
1128 4862
2086 1129
1130 3395
4790 1131
1132 3012
1133 3019
1134 384
1135 2431
1136 316
1137 986
1138 1401
1139 1414
3194 1140
4553 1141
1825 1142
4847 1143
1144 398
3811 1145
1146 1731
2214 1147
2097 1148
1149 303
1150 144
1151 1702
1298 1152
1595 1153
3658 1154
4396 1155
4797 1156
2175 1157
1158 2530
2022 1159
964 1160
3248 1161
2596 1162
1163 3605
1164 3425
3488 1165
1234 1166
1167 4911
4249 1168
2095 1169
1170 4871
3857 1171
1172 2839
1173 2759
1483 1174
459 1175
1176 982
1177 4646
1178 277
1179 2907
1180 1079
2399 1181
1937 1182
3451 1183
249 1184
4615 1185
1186 4390
1187 2459
2158 1188
1189 1973
1190 3698
2178 1191
136 1192
1193 273
179 1194
1195 4832
1196 2471
1197 3172
1064 1198
1199 3381
1200 1327
103 1201
1202 3943
3441 1203
3627 1204
1205 2215
1927 1206
2965 1207
4979 1208
1146 1209
1210 4375
1211 1201
2102 1212
1213 943
1214 4030
1215 1677
3782 1216
1526 1217
1218 3157
2405 1219
1991 1220
1221 3459
1222 3029
1223 4303
1224 266
1392 1225
1226 3945
1227 3716
1228 1852
1633 1229
1230 1630
1231 3417
1232 4342
1233 271
1234 2121
4381 1235
1236 43
1237 3709
1238 2275
1239 913
285 1240
2209 1241
1242 4181
1243 3420
1678 1244
764 1245
2508 1246
1247 2070
3117 1248
1249 3340
3613 1250
1601 1251
1252 3800
4819 1253
1254 22
185 1255
3475 1256
3879 1257
1876 1258
1259 661
1260 234
1261 3876
1262 4018
1421 1263
1264 3320
1265 2216
3510 1266
1267 4093
2270 1268
2152 1269
1270 2915
2410 1271
4172 1272
1273 2619
1880 1274
1275 2707
1276 2306
1277 3133
967 1278
4080 1279
1280 1038
1870 1281
1578 1282
1291 1283
1284 4065
1285 1021
1286 4618
446 1287
1959 1288
3073 1289
1290 2146
2027 1291
3791 1292
224 1293
1294 1588
4821 1295
1296 1403
1297 2126
1298 3795
436 1299
1300 3837
166 1301
1302 2558
1397 1303
3676 1304
1305 3033
1306 1228
3323 1307
463 1308
1309 2919
1310 1416
1699 1311
1312 4769
1313 1086
4717 1314
2848 1315
1614 1316
2743 1317
1318 3838
1319 647
1105 1320
1321 562
2808 1322
1224 1323
1324 4
4253 1325
1326 2954
1327 722
2665 1328
1329 106
4869 1330
1724 1331
4139 1332
4111 1333
1334 1940
1335 2368
1336 1749
1337 1287
2913 1338
550 1339
1340 4850
1341 3037
2015 1342
1608 1343
164 1344
575 1345
1346 3235
1742 1347
4235 1348
1349 3722
1350 2240
1351 462
2322 1352
90 1353
4148 1354
3504 1355
1356 2371
3106 1357
882 1358
2259 1359
4282 1360
2150 1361
1362 3054
2148 1363
1932 1364
4361 1365
1366 3056
1367 3952
1368 4895
2562 1369
1370 33
1594 1371
1525 1372
1373 2963
1374 2479
4484 1375
1376 3020
1377 3178
1378 4482
1379 4789
4559 1380
1381 1847
4534 1382
1383 3040
1384 4763
3518 1385
2914 1386
1387 966
327 1388
1452 1389
4749 1390
189 1391
4230 1392
1393 1321
1394 1866
1395 2053
2403 1396
3660 1397
2949 1398
1399 4712
1400 1863
3986 1401
1402 3260
770 1403
1404 4287
4863 1405
1406 789
1551 1407
4969 1408
3185 1409
3951 1410
1411 931
2334 1412
568 1413
1414 3649
1415 1585
1416 3682
1417 2968
2803 1418
1419 3920
3369 1420
1659 1421
2704 1422
4533 1423
3817 1424
4491 1425
1426 1377
1427 1517
1428 4049
2204 1429
1430 1538
3532 1431
1432 3825
1433 4812
1434 4592
1435 1989
1436 2357
1135 1437
1438 2725
1439 3671
1956 1440
1102 1441
1442 2984
2538 1443
1444 80
1445 4844
3626 1446
4992 1447
1733 1448
120 1449
1450 1171
1451 2201
4211 1452
4747 1453
1454 730
1456 1455
3806 1456
1457 546
2044 1458
4738 1459
1460 2064
1461 3554
836 1462
1365 1463
3044 1464
2117 1465
4260 1466
3642 1467
2519 1468
1469 4597
4471 1470
1471 318
1472 2797
2113 1473
1474 3632
1475 797
1476 4070
1477 2094
2871 1478
1479 4021
1480 583
1155 1481
2098 1482
1483 3527
1484 2133
1485 4196
1486 2865
1609 1487
2016 1488
4755 1489
1490 1395
525 1491
4714 1492
3592 1493
1494 150
1495 4436
1496 1983
584 1497
1498 4102
1499 3681
2166 1500
3074 1501
1502 879
2462 1503
1518 1504
1505 3733
1506 63
1507 1243
1508 2855
1247 1509
1925 1510
1936 1511
907 1512
1513 3652
3514 1514
1343 1515
1516 2523
1517 368
1518 4636
1519 3353
4413 1520
1521 3131
255 1522
1523 1828
1524 3969
3513 1525
1526 545
1527 3820
4954 1528
953 1529
1530 2234
1531 1807
1532 2264
1533 4416
1534 4565
1535 1284
599 1536
3496 1537
1654 1538
1539 2284
1540 1748
2805 1541
1542 521
1543 3125
2918 1544
1545 1784
1546 278
1874 1547
298 1548
4743 1549
4405 1550
3149 1551
1552 4244
1553 864
1554 3433
1555 3639
3280 1556
1557 3766
3234 1558
1559 1909
2434 1560
1561 3419
2573 1562
3926 1563
2051 1564
1565 3158
1272 1566
1567 3132
4853 1568
1238 1569
1570 1319
984 1571
3268 1572
4259 1573
1574 3699
1337 1575
1576 922
1577 2161
1186 1578
2077 1579
3985 1580
1547 1581
1273 1582
1583 453
1584 4901
1585 4109
1586 3883
3338 1587
1588 4710
3770 1589
1344 1590
3052 1591
2891 1592
1593 3942
4626 1594
1595 3787
1596 4290
4352 1597
3544 1598
1549 1599
1600 4970
3113 1601
1602 4695
656 1603
2290 1604
3601 1605
2029 1606
4459 1607
1608 495
1609 1341
1610 1868
1611 1605
161 1612
1613 3576
2922 1614
1615 4537
1616 510
1889 1617
1158 1618
1619 4035
1620 2254
4089 1621
1622 1994
4908 1623
1624 2174
1625 3032
1626 4707
3944 1627
1628 3464
1629 1231
1410 1630
1631 1137
407 1632
374 1633
1634 184
3372 1635
1636 4009
473 1637
4470 1638
1639 3354
3737 1640
4045 1641
4561 1642
1643 4233
3622 1644
1645 4104
225 1646
4834 1647
1259 1648
1649 4724
709 1650
1651 711
1652 2835
3530 1653
3111 1654
2747 1655
4912 1656
241 1657
1658 1043
678 1659
1660 3465
4126 1661
2112 1662
2347 1663
383 1664
1250 1665
2018 1666
1667 4165
3060 1668
712 1669
1670 3725
1671 4538
1672 3256
1673 919
1674 1957
1675 2585
19 1676
1677 4956
1678 3471
1904 1679
4265 1680
1681 812
908 1682
1683 3954
1684 1209
1685 4525
465 1686
1687 1591
1688 3736
1689 3440
1061 1690
1691 2832
1915 1692
3667 1693
3495 1694
2159 1695
4765 1696
1263 1697
3583 1698
1699 2237
2977 1700
1701 728
1702 4296
1703 3064
1704 4783
1705 1213
1706 2436
1707 1815
1708 3404
628 1709
1710 3756
2083 1711
4114 1712
1713 4154
1714 1001
1715 2316
2082 1716
491 1717
1718 2269
1719 2091
949 1720
4213 1721
1722 3134
2443 1723
3994 1724
1725 3078
1726 2050
1727 2534
1969 1728
3152 1729
531 1730
3596 1731
1770 1732
3255 1733
2672 1734
1735 4231
1736 4570
1613 1737
3909 1738
3460 1739
1740 1084
4582 1741
1742 1468
2620 1743
1744 2986
1745 3713
4650 1746
1747 2245
4583 1748
1749 4893
1750 3659
1751 229
1752 526
2709 1753
1871 1754
18 1755
1756 3486
1757 3775
430 1758
3555 1759
3507 1760
1761 4386
3623 1762
1763 4786
1764 3961
1765 2191
3989 1766
4140 1767
1489 1768
3331 1769
3457 1770
1498 1771
1772 793
1869 1773
1774 2060
1775 1279
1396 1776
364 1777
2979 1778
4873 1779
822 1780
4655 1781
1782 1824
1783 4751
1784 2976
4291 1785
1786 638
2149 1787
1788 4040
2507 1789
1790 3456
4318 1791
1792 4560
1793 2300
1794 2939
246 1795
2430 1796
1907 1797
4461 1798
433 1799
4657 1800
4442 1801
2169 1802
1257 1803
1804 12
1757 1805
1806 4229
1199 1807
1808 4437
1809 676
1710 1810
538 1811
1812 2712
1813 1134
1814 4757
1815 1139
1816 2722
1265 1817
1818 1802
1819 1003
1820 4483
1821 3984
4566 1822
3139 1823
1824 4435
3271 1825
1826 2388
1290 1827
104 1828
1829 2052
1830 2806
1831 4055
480 1832
1541 1833
3062 1834
211 1835
1836 1162
259 1837
17 1838
1839 3269
4448 1840
1841 1817
4151 1842
4017 1843
1844 857
1845 1861
1846 2736
340 1847
3618 1848
1266 1849
1850 4775
1851 1184
4414 1852
4274 1853
1854 2255
3024 1855
1856 2883
1539 1857
1858 3824
3127 1859
1860 3102
1181 1861
1862 3546
1863 1097
2843 1864
1865 1555
1866 3018
1867 9
1868 1697
1869 4008
1870 1754
2088 1871
1872 4859
1522 1873
1874 3196
1339 1875
4041 1876
1877 2611
2886 1878
1879 2566
1880 64
1479 1881
993 1882
1883 4659
2435 1884
1885 2078
3291 1886
4898 1887
1580 1888
1889 1443
2635 1890
1891 2501
1892 304
1893 3163
1894 4419
1895 4612
1896 1172
1897 3165
4277 1898
1899 3847
1658 1900
1297 1901
1902 2901
1903 1116
1727 1904
1905 1368
1906 4843
348 1907
3609 1908
1909 281
4556 1910
3543 1911
1912 2473
761 1913
1914 2892
1915 4607
1916 3916
3922 1917
4932 1918
1919 2755
231 1920
1921 1087
3409 1922
786 1923
1924 4541
163 1925
1926 1293
2127 1927
1928 4693
1929 1037
1930 256
4517 1931
1932 4364
3818 1933
4985 1934
1935 859
2640 1936
1937 4767
178 1938
1939 3162
736 1940
1941 4711
1942 3349
2780 1943
2402 1944
1945 2714
3964 1946
1947 2315
1948 2636
4392 1949
1831 1950
1951 2555
1359 1952
1953 503
1954 4166
1955 4988
3948 1956
671 1957
1958 3224
3991 1959
2669 1960
1961 3935
115 1962
4651 1963
1964 1104
698 1965
1966 4613
4604 1967
1968 3662
1969 2131
1970 2230
4216 1971
923 1972
2870 1973
2390 1974
3377 1975
1976 1928
258 1977
375 1978
1979 3557
1980 2673
1981 2972
1982 2361
3051 1983
1984 253
1985 381
4393 1986
343 1987
1988 4779
691 1989
1990 3371
1188 1991
1672 1992
1993 2463
1862 1994
2933 1995
1996 4622
1997 1133
2616 1998
1999 3735
2000 3303
4500 2001
1124 2002
2003 1253
226 2004
4195 2005
3843 2006
2007 27
3524 2008
2009 3886
2010 520
4944 2011
3877 2012
3343 2013
2014 3547
2015 3834
2016 2811
2017 2294
2018 411
2312 2019
1110 2020
3452 2021
152 2022
2023 167
4625 2024
2025 1292
37 2026
3729 2027
1481 2028
2029 958
2030 4576
3109 2031
2032 704
2033 1571
3963 2034
2054 2035
2036 3467
2037 186
2038 2537
1982 2039
2040 4236
4888 2041
2042 1873
2043 3896
1130 2044
918 2045
415 2046
153 2047
2791 2048
1505 2049
2208 2050
315 2051
2579 2052
2053 23
2054 1790
4921 2055
2625 2056
2057 2335
2058 4266
2059 4269
4510 2060
1463 2061
2703 2062
2063 1812
2064 2279
2065 4785
4736 2066
2067 2909
2068 2426
4391 2069
2801 2070
2071 524
2845 2072
2073 4715
2484 2074
3751 2075
2076 720
2048 2077
4412 2078
2079 122
2080 3250
2081 3819
3231 2082
2083 1192
2084 4463
2085 1081
2086 4425
2850 2087
2088 3628
621 2089
3745 2090
2745 2091
2092 187
2093 2873
3296 2094
549 2095
2096 344
2097 2661
2098 3480
2099 227
2100 4733
2101 979
4874 2102
2103 3842
2104 1490
2311 2105
4016 2106
4741 2107
2108 3790
2109 4325
2110 1099
2000 2111
4447 2112
2113 4608
2114 2726
1045 2115
2116 3245
2117 4564
1216 2118
794 2119
2120 2955
2121 2291
3168 2122
4124 2123
3968 2124
2125 4811
113 2126
2329 2127
2128 2488
2129 2107
4257 2130
2131 3283
1195 2132
2133 1391
67 2134
2135 2344
2136 677
2137 2621
1565 2138
2139 1402
658 2140
4085 2141
2142 1200
2143 3085
2144 4599
2145 760
2146 53
2147 4713
558 2148
2149 1085
2150 431
2151 2838
2152 972
2153 2239
2154 1033
4388 2155
2156 2999
1968 2157
2864 2158
2159 3663
2160 3844
4153 2161
2106 2162
2163 3603
4554 2164
2165 4983
2166 2457
40 2167
29 2168
4329 2169
4164 2170
588 2171
3128 2172
2173 4697
1496 2174
2175 4679
2176 4057
2177 3580
2178 1117
2179 3517
4897 2180
2181 1970
2182 653
4579 2183
2184 2135
4087 2185
1821 2186
2187 4617
2188 212
2189 1249
2190 4539
2492 2191
2192 2642
2193 3815
2194 2035
2195 1920
1358 2196
2197 461
2198 4046
4718 2199
262 2200
2201 1540
2202 991
1589 2203
2204 2533
2205 3878
351 2206
4458 2207
2208 3905
2209 2433
419 2210
1536 2211
2212 2630
2213 4142
4823 2214
2215 2603
2216 4526
2217 3279
1953 2218
4616 2219
4289 2220
2221 414
2222 2376
3833 2223
2224 3079
2225 597
1567 2226
387 2227
377 2228
322 2229
2230 2189
2231 4865
4377 2232
2233 4385
2234 4183
2235 2767
2236 2032
4662 2237
2238 615
2239 2720
2240 1711
3900 2241
1406 2242
2243 1075
1299 2244
2245 1998
2246 1923
2247 636
2248 3579
2249 1351
3934 2250
4894 2251
2252 2502
2253 2171
2254 3170
1872 2255
2256 3831
2493 2257
2258 4248
2568 2259
2260 2323
2261 121
2262 479
3784 2263
611 2264
2265 4170
2266 3845
4173 2267
4219 2268
1160 2269
2270 3750
4884 2271
1553 2272
2273 2143
2274 933
2275 3483
2276 3105
2277 4665
2278 85
2279 2049
238 2280
2281 4350
2451 2282
2456 2283
2284 685
1427 2285
4427 2286
1494 2287
59 2288
2226 2289
2290 265
2291 3826
2292 1645
2794 2293
1885 2294
2295 1078
2296 3341
2297 1423
693 2298
2299 3593
2300 45
2301 1260
2071 2302
4827 2303
3997 2304
2305 1792
2306 3769
2307 1796
2308 143
2309 2612
2310 3403
1635 2311
3848 2312
1507 2313
3869 2314
2315 3897
2316 4704
2317 2393
3006 2318
2111 2319
2320 4402
1758 2321
2322 2396
517 2323
2324 4146
2325 1709
3789 2326
2093 2327
2328 208
3516 2329
2330 362
3690 2331
2332 4920
2333 1656
4036 2334
2824 2335
2336 1050
2752 2337
4660 2338
2339 3357
2340 832
2341 2819
130 2342
3757 2343
2344 3509
2345 2518
2346 477
2347 3600
4734 2348
1455 2349
2350 4143
703 2351
2964 2352
4209 2353
2354 4372
754 2355
2356 71
73 2357
4816 2358
3004 2359
4185 2360
2361 4286
3155 2362
2363 4294
2364 2962
2307 2365
2366 4799
2367 1867
4703 2368
3043 2369
884 2370
2647 2371
3429 2372
2092 2373
3137 2374
2375 4188
1457 2376
2377 2352
1641 2378
2379 743
1793 2380
2238 2381
3851 2382
2383 62
2384 3537
1922 2385
1603 2386
2253 2387
2388 4708
2389 1335
2390 426
2391 4900
1121 2392
2897 2393
2129 2394
2395 2003
2396 4628
512 2397
1175 2398
3975 2399
2400 3786
2401 171
2402 3810
2403 1557
2404 2418
1058 2405
2406 2644
697 2407
1091 2408
1226 2409
4454 2410
1579 2411
2354 2412
2413 689
2414 3238
3522 2415
2416 1382
2417 4326
2418 2605
1779 2419
4887 2420
2421 2844
2422 4434
3772 2423
2424 3428
3704 2425
2426 940
2427 4764
2428 2937
2332 2429
2430 2168
1980 2431
1245 2432
58 2433
2434 1024
1109 2435
2436 3572
2813 2437
2438 1734
2439 1011
2440 4766
2441 1320
2442 769
2443 425
2444 853
2445 946
2446 2243
590 2447
2448 4735
2449 767
2343 2450
2451 1502
3424 2452
2453 4915
2960 2454
4952 2455
2456 1914
2457 3889
2458 1218
2916 2459
2460 3408
3010 2461
47 2462
739 2463
3743 2464
2465 1530
2466 4319
2467 2170
2468 1696
2140 2469
945 2470
2471 2176
2472 3595
1694 2473
301 2474
751 2475
2476 3207
2031 2477
1961 2478
1383 2479
2480 4220
4772 2481
354 2482
2483 833
2484 4029
77 2485
2486 1400
437 2487
1944 2488
3538 2489
2490 3446
1942 2491
4688 2492
2493 3742
2494 4410
4107 2495
2496 3788
2497 702
3747 2498
2499 420
2500 813
1625 2501
1803 2502
2503 3373
2782 2504
2505 4228
2506 2633
4131 2507
2508 970
2509 3685
2265 2510
16 2511
1194 2512
2513 4760
4205 2514
2515 543
3759 2516
2517 4394
4614 2518
2828 2519
66 2520
2521 4308
776 2522
2523 309
2524 4116
2525 2610
2526 802
2527 1905
2528 3188
2529 4108
2530 3727
3143 2531
4936 2532
2660 2533
2534 2287
2535 1583
4120 2536
97 2537
2538 516
1229 2539
2540 1877
2541 3853
1355 2542
4605 2543
2544 901
2938 2545
3028 2546
2 2547
2548 511
1108 2549
2550 507
4694 2551
4516 2552
719 2553
2872 2554
4061 2555
2556 1562
2597 2557
94 2558
2559 4658
4485 2560
3637 2561
2562 341
3339 2563
1778 2564
4479 2565
1673 2566
2567 449
1552 2568
2945 2569
3103 2570
3448 2571
1173 2572
2573 4255
2574 3474
3407 2575
2576 2615
2577 2096
1233 2578
2579 4905
675 2580
230 2581
2582 2160
2583 3891
2584 3805
2585 1638
3048 2586
1301 2587
2713 2588
1945 2589
4649 2590
2591 1152
2592 738
2981 2593
2594 1420
2595 3577
2783 2596
4493 2597
3993 2598
3887 2599
2123 2600
1340 2601
792 2602
2603 2124
4742 2604
2605 182
2606 910
2607 3385
2608 1039
3380 2609
3493 2610
875 2611
2612 4353
1017 2613
3686 2614
2615 2881
2616 3061
2617 648
2618 4690
3738 2619
1441 2620
2621 3093
1736 2622
1506 2623
4904 2624
2625 2076
4942 2626
2627 1077
2628 1469
1878 2629
2630 4314
2631 2046
2321 2632
1305 2633
2634 28
269 2635
2636 1295
2637 2177
4389 2638
2639 4382
2640 1906
2863 2641
2642 771
2643 2282
2644 2184
2645 2980
2646 2362
2647 78
3498 2648
2649 2622
2650 4034
2651 169
2652 4295
1535 2653
721 2654
2655 2948
2656 2876
2657 825
2658 1822
297 2659
2660 3758
3822 2661
2662 2898
2663 3907
2664 4860
2665 1717
2666 4611
2667 4462
3529 2668
2669 69
3702 2670
2671 1569
1183 2672
2673 2138
2674 580
3608 2675
2676 1471
2677 2260
2827 2678
2213 2679
3754 2680
1548 2681
988 2682
1992 2683
3264 2684
2483 2685
2686 4071
1839 2687
314 2688
2689 1486
2702 2690
2691 1966
2364 2692
1767 2693
2694 3539
1703 2695
3304 2696
1067 2697
4133 2698
3526 2699
2700 2478
2701 733
2702 471
2618 2703
2704 4014
123 2705
2706 4078
2707 3142
2708 2517
2709 4360
2710 1010
2711 350
2712 1027
3439 2713
1908 2714
2715 3919
2716 1849
41 2717
3166 2718
2719 2439
1487 2720
2721 2423
518 2722
3953 2723
2724 4709
4968 2725
3484 2726
2727 3144
4535 2728
2729 664
2730 3335
2731 2297
2732 2009
2480 2733
4201 2734
4923 2735
2736 4206
2737 2662
145 2738
758 2739
3980 2740
2741 2200
2742 2464
2743 2066
2744 1454
2554 2745
2746 3752
2747 2682
2748 4506
2749 1054
2227 2750
2751 657
3680 2752
586 2753
4343 2754
2997 2755
2119 2756
2757 4838
2758 54
1643 2759
2749 2760
2761 4113
2762 2799
2763 4099
2663 2764
2765 1278
1095 2766
1967 2767
773 2768
2769 2770
2770 827
2771 2567
2772 1004
535 2773
2774 4444
2775 3284
3233 2776
4273 2777
4175 2778
2779 4074
2780 2580
2781 4468
2782 1161
3930 2783
2784 3274
4495 2785
4809 2786
2787 1795
2788 2258
2789 1378
2249 2790
2791 395
2792 898
4849 2793
2794 4433
2795 2065
1737 2796
2797 1046
4346 2798
2799 3135
2800 3734
2801 2758
1093 2802
1676 2803
3630 2804
3621 2805
1328 2806
2807 3563
424 2808
2809 4666
3635 2810
2811 2944
2812 3932
2813 808
2814 1362
2815 1772
2627 2816
2817 1432
4130 2818
1364 2819
2820 317
679 2821
2822 2461
2823 3038
2824 848
2825 2305
4620 2826
2827 701
2828 1794
2829 4118
2830 60
2831 2333
2832 310
2833 2830
501 2834
3644 2835
2836 1933
3022 2837
2838 684
2839 1090
2840 4157
295 2841
2842 2551
4477 2843
42 2844
2678 2845
4557 2846
2847 2942
2848 578
2545 2849
3211 2850
1131 2851
1280 2852
2853 32
1855 2854
2855 1267
2659 2856
2857 4740
2858 3358
2859 2262
1174 2860
2861 1065
3287 2862
2863 2837
2864 4438
2865 2926
2866 574
4629 2867
2868 1386
2869 4924
2773 2870
3318 2871
2872 3326
4939 2873
3186 2874
1692 2875
3126 2876
2877 25
2878 715
2879 2654
2880 2454
2527 2881
2882 2590
849 2883
4753 2884
999 2885
673 2886
2887 2777
2888 486
2929 2889
2890 1600
3272 2891
2892 4210
2893 850
2894 247
4507 2895
2896 3760
2404 2897
2898 283
4846 2899
2900 4798
2901 4288
2902 1684
2114 2903
2904 2978
1582 2905
1561 2906
2907 1156
2908 1016
2458 2909
4759 2910
2911 3549
2912 2628
1106 2913
2914 233
4957 2915
2916 140
2917 3145
2918 4322
2919 3562
1361 2920
4203 2921
2922 3177
300 2923
3804 2924
1664 2925
2926 4417
3697 2927
139 2928
3798 2929
2930 3288
2931 633
2932 772
695 2933
2932 2934
2935 1752
2936 2470
2067 2937
2938 862
3359 2939
2940 1844
2941 4737
2942 564
357 2943
2944 3183
2945 3503
2946 3487
4931 2947
2948 3342
2949 1089
2950 1615
2951 4572
2952 4635
2953 4639
2954 4010
990 2955
1164 2956
1954 2957
1244 2958
1198 2959
630 2960
2250 2961
2962 1165
483 2963
4496 2964
2965 4889
2966 126
3938 2967
2968 2796
2969 3469
2970 3405
2971 3536
2460 2972
2973 3570
1066 2974
2975 600
2976 3835
2977 3204
4802 2978
1446 2979
2540 2980
2546 2981
4964 2982
2983 1566
569 2984
2985 200
4177 2986
2676 2987
1449 2988
3228 2989
2990 1346
2583 2991
3732 2992
2993 1858
2994 2474
2995 3616
2996 3908
4965 2997
2998 2023
2999 818
1887 3000
3001 118
440 3002
3003 4054
3295 3004
4026 3005
4309 3006
3007 4552
718 3008
3009 296
3010 1025
3011 1370
4686 3012
3013 4993
2866 3014
3015 1687
3016 1805
3017 829
3018 4302
3243 3019
844 3020
3021 3112
3278 3022
3023 2105
3024 133
4333 3025
3620 3026
1060 3027
3028 2571
3029 4621
4145 3030
3031 2337
3032 2384
762 3033
3034 4807
3035 2692
3036 4182
3037 4919
3038 2193
1022 3039
1076 3040
3041 581
3042 330
3043 4886
3044 3045
3045 4721
3793 3046
3047 195
3048 4601
2130 3049
268 3050
3226 3051
93 3052
3053 755
3054 2164
3055 3146
798 3056
3057 149
3058 2765
3059 2569
3060 885
3061 1461
3062 160
987 3063
3064 3218
4524 3065
3066 3336
3067 694
2857 3068
2392 3069
3070 3780
4025 3071
4037 3072
3073 4728
2134 3074
3075 2417
3076 34
3077 3721
1409 3078
250 3079
3955 3080
3081 4334
3082 2437
570 3083
3084 2195
3253 3085
3086 50
3773 3087
2485 3088
2043 3089
3090 3101
3091 2851
3092 2142
3093 2719
620 3094
3095 112
2575 3096
3097 2923
3098 403
3447 3099
533 3100
2499 3101
3102 88
3265 3103
3104 4518
2222 3105
3106 616
1652 3107
1883 3108
3109 3874
3110 2634
3111 328
3112 1399
3113 2420
3114 4545
2202 3115
3116 4675
1170 3117
1738 3118
3119 2444
3120 2836
3121 587
873 3122
3123 4198
3124 1524
51 3125
618 3126
3127 1453
2002 3128
3319 3129
4571 3130
2834 3131
3132 778
146 3133
2257 3134
3135 4805
3136 4158
3137 210
3138 279
3083 3139
248 3140
3762 3141
1646 3142
2776 3143
1675 3144
3145 91
3146 3665
3147 3477
4793 3148
3149 883
3150 1913
3151 1367
3765 3152
3153 158
3633 3154
547 3155
2710 3156
3332 3157
3158 973
3159 3461
2348 3160
2947 3161
3162 3273
3163 1197
635 3164
2741 3165
2921 3166
3167 2068
1958 3168
2924 3169
1254 3170
3171 4192
1032 3172
3173 3330
4399 3174
3175 412
4363 3176
2039 3177
1919 3178
3179 2017
1534 3180
1206 3181
3182 2734
2281 3183
3184 214
3185 1598
3186 3674
1316 3187
3188 3612
3189 4418
3190 1788
3191 1289
3192 726
370 3193
1347 3194
3195 1943
847 3196
3197 2251
3198 4293
128 3199
3872 3200
3201 3314
3202 1544
2063 3203
147 3204
3205 1698
735 3206
3207 1100
3208 1303
3209 421
4568 3210
2033 3211
3212 3710
4505 3213
4281 3214
3215 4374
4771 3216
99 3217
2698 3218
3749 3219
3220 3065
1882 3221
4701 3222
1618 3223
3224 576
3225 2822
2908 3226
1393 3227
3228 2412
3229 1864
2721 3230
4292 3231
2560 3232
3233 2313
3892 3234
3235 4634
3236 1241
3237 2696
3238 1626
3239 1388
3240 3275
4307 3241
4480 3242
915 3243
845 3244
1926 3245
4027 3246
3247 2983
272 3248
3249 3849
527 3250
3251 1816
1963 3252
3253 593
3254 2427
3255 111
1910 3256
2026 3257
2817 3258
2686 3259
2415 3260
2019 3261
3262 4358
3263 1894
3092 3264
1404 3265
2675 3266
3267 4837
3268 2556
3269 3981
3270 3252
2495 3271
3272 2697
2497 3273
3274 4643
710 3275
3276 4316
912 3277
3278 3695
4320 3279
3280 3076
3281 2153
4973 3282
3283 2374
3706 3284
3285 3154
3286 2021
242 3287
649 3288
1314 3289
2868 3290
3291 337
3292 3927
3823 3293
3294 1418
475 3295
3296 1493
3297 2125
3298 390
4609 3299
3300 2653
744 3301
2570 3302
3880 3303
2699 3304
3305 840
3306 1853
3307 2695
3308 552
4914 3309
3422 3310
3311 2147
4804 3312
659 3313
2182 3314
1826 3315
3316 4584
2689 3317
4338 3318
3319 1950
3320 1309
392 3321
2141 3322
4918 3323
3324 1782
3325 782
3326 4258
196 3327
2787 3328
4987 3329
1447 3330
4930 3331
3003 3332
217 3333
1886 3334
3335 846
3336 2317
3337 2304
3338 1634
3339 4796
1310 3340
1144 3341
4337 3342
1657 3343
3344 3286
3345 492
3692 3346
3347 3501
3348 3708
3349 4243
3350 4632
3351 4670
3070 3352
3353 1799
100 3354
3084 3355
757 3356
3728 3357
609 3358
3359 955
3360 4366
3361 2441
3362 2363
3363 4967
3364 2356
2199 3365
872 3366
3367 3553
3368 1222
3369 3829
4877 3370
3371 4624
3372 1719
3373 1848
759 3374
3375 2196
2912 3376
3619 3377
3378 4387
3379 561
1270 3380
3381 2685
4122 3382
2740 3383
3384 180
2416 3385
3386 643
3387 4754
2543 3388
3389 3184
3390 1620
3391 2491
1312 3392
1810 3393
3858 3394
3395 2047
3396 1169
3397 4443
2414 3398
641 3399
1092 3400
3401 3730
3402 4376
3403 4696
841 3404
3405 4813
3406 2753
3407 3714
2917 3408
1528 3409
1476 3410
3502 3411
3412 1163
1707 3413
3414 629
3415 1512
3416 3292
3417 1523
3418 2589
3836 3419
2365 3420
3421 2261
3422 4989
3423 3242
3424 1999
3425 608
582 3426
3427 3973
3428 1451
1300 3429
4669 3430
3431 2973
1345 3432
3433 1624
3434 4400
4004 3435
3436 1902
356 3437
2521 3438
4515 3439
3440 2727
207 3441
626 3442
1604 3443
3444 605
168 3445
3446 2792
3447 4562
3448 1987
3449 1842
3450 4323
2525 3451
3573 3452
3453 2856
3454 2476
331 3455
3888 3456
1921 3457
1741 3458
3459 4398
3460 355
3461 2884
3462 2592
2599 3463
3464 1651
790 3465
55 3466
3467 3902
3080 3468
2163 3469
2084 3470
3471 1636
3472 4945
3473 4150
4976 3474
1185 3475
3476 3992
3477 2524
3478 900
3479 1857
1354 3480
3481 2292
4588 3482
1269 3483
3484 601
3575 3485
3486 2729
3487 1153
3488 3807
874 3489
1765 3490
3491 3402
3492 2494
2738 3493
2206 3494
1650 3495
4066 3496
3497 1560
3950 3498
1384 3499
3500 2724
865 3501
3502 2037
3503 3500
3504 11
2815 3505
1034 3506
3507 2375
3508 3990
3509 4971
3510 2761
3511 4212
4600 3512
4982 3513
3514 2496
1584 3515
4762 3516
821 3517
1430 3518
2694 3519
3520 911
858 3521
2225 3522
3523 651
1935 3524
3979 3525
3526 4673
1700 3527
4907 3528
3529 763
4420 3530
1681 3531
3532 1637
4098 3533
4998 3534
3535 930
4692 3536
1688 3537
3021 3538
3539 3832
2379 3540
3541 4934
1083 3542
928 3543
4137 3544
3647 3545
2381 3546
2040 3547
2664 3548
3549 723
216 3550
3551 3427
1745 3552
3553 2818
3554 868
83 3555
3556 2598
3557 994
3558 4121
3559 2563
2670 3560
4189 3561
3562 4446
3563 4795
3390 3564
2408 3565
3566 4549
2425 3567
4521 3568
3569 4313
342 3570
3571 1704
2638 3572
2278 3573
3574 4854
4995 3575
3576 3641
3577 1693
205 3578
3508 3579
3580 2632
505 3581
734 3582
3583 680
3584 89
2346 3585
4758 3586
3587 1975
3588 1955
3918 3589
3590 2266
3591 579
3592 4532
2911 3593
3594 3393
4272 3595
2132 3596
1809 3597
52 3598
2012 3599
3689 3600
325 3601
3602 1629
3027 3603
3604 485
3605 3470
2235 3606
3607 2746
3608 151
3609 4311
3610 3764
3082 3611
3406 3612
451 3613
346 3614
3615 3966
2565 3616
3617 2513
4465 3618
3619 4640
2353 3620
3753 3621
320 3622
3623 4870
2432 3624
3625 1661
3626 2370
4317 3627
3628 4441
4327 3629
3630 3687
3631 4246
1666 3632
3633 4574
3442 3634
4187 3635
627 3636
3059 3637
3638 1617
202 3639
3640 1189
4685 3641
1627 3642
1572 3643
3644 2024
3645 4169
3646 4868
4773 3647
3648 4830
4467 3649
2648 3650
3651 3374
3652 4262
2481 3653
3830 3654
3655 4144
175 3656
3657 2034
2896 3658
3659 2218
31 3660
3438 3661
3662 2515
975 3663
3664 3585
3665 3251
3816 3666
76 3667
3901 3668
3669 2446
4132 3670
3671 863
4810 3672
3673 1111
4794 3674
2531 3675
3676 1780
3489 3677
3370 3678
3679 432
2110 3680
3681 1338
219 3682
3683 3236
3181 3684
3599 3685
2099 3686
3299 3687
3688 2411
3689 3827
3690 1746
4345 3691
3692 3574
1761 3693
3694 1051
3399 3695
2624 3696
777 3697
3698 4842
3068 3699
3700 2100
4820 3701
3031 3702
3703 496
3704 801
4637 3705
4270 3706
3071 3707
3708 3965
1322 3709
2594 3710
3387 3711
3712 1573
3713 494
3201 3714
2157 3715
1715 3716
3717 3929
3055 3718
3719 3167
2906 3720
1930 3721
1246 3722
4835 3723
3190 3724
4136 3725
3726 3809
416 3727
38 3728
2614 3729
3730 3087
1771 3731
4475 3732
1223 3733
687 3734
3735 577
3289 3736
222 3737
3657 3738
4082 3739
504 3740
2467 3741
1840 3742
3743 725
4801 3744
696 3745
2651 3746
3747 3617
3748 4384
4875 3749
3750 1747
2688 3751
3410 3752
3753 4245
3754 2075
3755 4909
3756 2268
1023 3757
3758 1387
2763 3759
3760 2001
3761 3670
3762 252
2231 3763
4058 3764
1804 3765
3766 3871
3767 939
1820 3768
4876 3769
3770 441
2649 3771
3772 1818
3773 460
3774 2778
3120 3775
2553 3776
221 3777
791 3778
3779 2842
1026 3780
3781 2087
2486 3782
3783 1918
3784 2552
4076 3785
2413 3786
3787 3490
165 3788
3789 2299
3790 3974
4943 3791
2197 3792
4180 3793
4514 3794
2128 3795
3796 2296
3797 4194
3798 1774
3799 4411
3800 3794
3801 4179
3802 1911
3803 4155
3804 4664
46 3805
607 3806
4727 3807
1239 3808
2448 3809
4822 3810
3811 1712
4141 3812
3813 540
3482 3814
332 3815
2927 3816
4938 3817
1417 3818
2790 3819
1465 3820
3821 4531
3822 729
3823 668
1735 3824
3825 4977
666 3826
646 3827
4450 3828
2650 3829
3830 3841
2816 3831
3832 4161
640 3833
3834 1714
3389 3835
3836 2995
2904 3837
3838 2744
1759 3839
3840 2510
1385 3841
1332 3842
65 3843
3844 2807
3845 652
3645 3846
894 3847
3485 3848
3849 683
107 3850
1353 3851
4371 3852
2453 3853
3854 3430
1098 3855
3856 3519
4768 3857
1984 3858
1851 3859
3860 3958
4056 3861
3432 3862
3863 4782
264 3864
3855 3865
3866 3972
1514 3867
3868 326
3869 529
2181 3870
3871 2788
3872 124
3307 3873
3874 1773
2330 3875
2606 3876
134 3877
410 3878
445 3879
3677 3880
1640 3881
198 3882
700 3883
3884 428
3885 289
2860 3886
3397 3887
3724 3888
3889 800
669 3890
3891 3673
1690 3892
3476 3893
3894 1475
3895 1875
3005 3896
4729 3897
489 3898
3899 2013
4719 3900
3088 3901
4949 3902
4581 3903
3904 4476
3905 4739
321 3906
3907 4401
3908 4596
3909 3683
3910 1856
3911 897
3912 4370
1884 3913
3914 2607
3915 1813
3916 1939
3917 3034
4578 3918
3919 235
2992 3920
3921 2785
2406 3922
2928 3923
3924 2369
4879 3925
1052 3926
3927 386
3928 72
3290 3929
4168 3930
1057 3931
775 3932
1464 3933
2731 3934
3935 4648
4780 3936
3937 4731
3938 193
3939 1101
4501 3940
3941 1751
347 3942
1596 3943
4494 3944
2400 3945
3946 2646
223 3947
2487 3948
1979 3949
2350 3950
1947 3951
3564 3952
3653 3953
3954 3355
1899 3955
3956 3569
2535 3957
3958 614
3959 539
3960 837
3961 909
3962 1315
3240 3963
3964 2687
745 3965
2641 3966
3967 2391
2380 3968
3969 1740
3970 176
197 3971
1179 3972
3039 3973
3974 1150
3862 3975
1797 3976
4199 3977
4691 3978
3979 3873
3980 3379
3981 2452
3666 3982
3983 3999
3984 3209
665 3985
2331 3986
3987 4062
4508 3988
3989 1012
667 3990
2717 3991
456 3992
3993 855
3994 1800
935 3995
3548 3996
500 3997
3998 756
1271 3999
4000 1628
2030 4001
4002 3227
1497 4003
4004 534
1433 4005
391 4006
4007 21
4008 4002
4009 2115
3308 4010
4011 1376
4012 4200
4013 3881
4014 796
4996 4015
3263 4016
952 4017
4018 3864
74 4019
4020 1764
4021 1374
1125 4022
4023 3214
4024 4423
502 4025
2283 4026
1895 4027
4481 4028
4029 388
1986 4030
1829 4031
4032 1182
4033 2089
3768 4034
4035 814
877 4036
508 4037
4038 4937
3479 4039
4040 1722
4041 686
4959 4042
961 4043
4044 1007
4045 2957
1823 4046
4645 4047
4048 3365
1212 4049
4050 20
4051 148
926 4052
642 4053
4054 243
1695 4055
2342 4056
2700 4057
4058 418
4096 4059
4060 4240
4061 3940
3597 4062
2475 4063
3066 4064
4065 4882
1369 4066
1776 4067
4038 4068
4069 4422
3237 4070
4548 4071
4072 4239
2982 4073
4074 1302
4315 4075
4076 319
4077 1791
724 4078
4946 4079
444 4080
1436 4081
4082 4652
3846 4083
4084 1288
2280 4085
4086 1723
2716 4087
4088 4520
4961 4089
4090 4792
4091 3931
4092 1662
4093 3344
4094 2373
4095 2899
4096 4044
4097 571
4098 2242
4099 2349
4100 1763
2733 4101
4102 3761
4103 1606
156 4104
4105 1845
3334 4106
4902 4107
4682 4108
4672 4109
4110 839
1924 4111
3960 4112
4512 4113
1394 4114
2154 4115
96 4116
1597 4117
4204 4118
4119 3624
1929 4120
998 4121
831 4122
4033 4123
4124 3705
3746 4125
4126 4275
4127 4803
4128 4478
4129 1599
3346 4130
4131 2595
4132 334
4133 3856
4134 1897
1756 4135
4449 4136
4137 752
557 4138
4139 2667
2617 4140
1474 4141
750 4142
1349 4143
2187 4144
4145 1556
4146 338
4147 4421
4094 4148
4563 4149
4150 768
2263 4151
3169 4152
4153 2666
2990 4154
4155 3412
1434 4156
4157 3739
4158 2061
2359 4159
4190 4160
3324 4161
3859 4162
4163 2604
119 4164
1730 4165
4166 3669
4530 4167
4168 3053
4169 4022
4170 1949
4171 2795
4630 4172
3893 4173
2186 4174
4175 2862
4176 1127
4177 275
819 4178
4179 3566
2760 4180
4181 4791
1893 4182
4183 3148
4184 2072
4644 4185
1311 4186
4263 4187
4188 2074
938 4189
4280 4190
4191 3463
3382 4192
1138 4193
959 4194
3100 4195
4196 3614
4197 1422
110 4198
4199 3007
4200 366
1168 4201
1473 4202
4203 1178
1511 4204
4268 4205
4206 3499
4207 2355
2655 4208
2961 4209
3959 4210
3383 4211
4212 2786
826 4213
2772 4214
4215 276
2677 4216
172 4217
4218 4878
925 4219
4891 4220
4221 2151
1888 4222
4223 816
3913 4224
4225 3792
4841 4226
610 4227
4228 3865
4229 3693
4230 4839
4231 3247
4232 1783
4233 4503
4234 4852
4235 132
4631 4236
996 4237
4941 4238
2058 4239
4240 4720
1429 4241
4242 4699
4243 977
4244 3108
4245 3049
860 4246
4247 1516
1425 4248
4249 1726
385 4250
3774 4251
4252 554
4253 2880
4254 3796
2613 4255
4502 4256
218 4257
4558 4258
2156 4259
3715 4260
2584 4261
4262 3828
3643 4263
717 4264
4332 4265
4266 3797
4267 4848
4335 4268
4269 2221
4881 4270
4271 2652
1176 4272
4273 2940
4274 455
4275 4522
2429 4276
4277 4689
4278 1342
4279 637
215 4280
4281 125
595 4282
4283 4428
716 4284
4285 1510
3668 4286
4287 1728
4288 3778
4289 1974
4298 4290
4814 4291
369 4293
4294 1143
4295 4079
4296 493
3096 4297
237 4298
3903 4299
4300 4787
4301 4723
4302 1306
4303 2742
4304 870
1210 4305
4306 4523
4307 2073
4308 4587
688 4309
4068 4310
7 4311
4312 1529
4313 2882
4314 2671
4315 2385
2103 4316
2217 4317
4318 824
2345 4319
4320 4933
4321 532
4322 3720
4323 3634
4324 4301
4325 138
4326 2572
4327 4430
4125 4328
4222 4329
4330 454
4331 515
2450 4332
788 4333
4334 920
4335 4100
3216 4336
4337 4488
4338 3534
4339 3521
4340 2207
4341 2764
3588 4342
2588 4343
4344 660
4000 4345
86 4346
4347 434
2232 4348
287 4349
4350 4305
895 4351
3249 4352
4353 1775
4354 4890
4355 4947
2059 4356
4926 4357
4358 4752
4359 3140
4360 3156
4361 2509
4362 2320
1859 4363
632 4364
4369 4365
4366 2042
765 4367
917 4368
4184 4369
26 4370
1282 4371
4372 3047
1445 4373
1996 4374
4375 1470
4990 4376
4377 4681
4378 3939
1227 4379
4380 4012
4381 4824
1568 4382
4383 3885
3684 4384
4950 4385
1193 4386
4387 1221
49 4388
1036 4389
4390 2045
4880 4391
4392 3321
352 4393
4394 3511
4395 2528
4396 4647
4397 4086
4398 1252
4399 1610
2520 4400
4401 2293
2236 4402
4403 1256
4404 173
623 4405
3852 4406
4407 30
2853 4408
4409 4368
4410 1408
617 4411
402 4412
4413 1811
4414 1946
4415 2180
690 4416
4417 2826
4418 2577
4419 1964
4420 3230
4421 404
4422 3629
1587 4423
4424 3655
3270 4425
4426 3375
4427 830
1865 4428
3638 4429
4430 1235
4431 260
2847 4432
4433 3285
3400 4434
442 4435
4436 1080
4437 2564
2626 4438
4439 4997
4440 2804
4953 4441
4442 2118
382 4443
1419 4444
4445 834
3257 4446
4543 4447
2587 4448
4449 3000
2637 4450
4451 809
1729 4452
4453 513
4454 1070
4455 2395
4456 2889
4457 1988
4458 3650
4459 2754
2674 4460
1519 4461
4462 1015
4019 4463
4464 1900
654 4465
3016 4466
4467 2974
2122 4468
4469 3057
4470 2789
2946 4471
4472 3306
4473 3153
1981 4474
4475 727
4476 4744
4477 1521
1750 4478
4479 1333
4480 458
4481 95
4840 4482
4483 4440
4484 3506
4485 1363
4486 1029
4487 4299
3712 4488
4489 537
4490 4856
4491 854
4492 1682
4362 4493
705 4494
1832 4495
3352 4496
4497 3011
4498 783
3776 4499
4500 1460
591 4501
4502 1830
4503 929
4504 1326
4505 2465
4271 4506
4507 2602
1653 4508
312 4509
3611 4510
3050 4511
4512 4595
3801 4513
3094 4514
981 4515
4224 4516
2775 4517
4518 1082
4519 371
4520 4191
1586 4521
2559 4522
4523 2935
4524 4267
3221 4525
1196 4526
4527 4511
4528 1570
1931 4529
1372 4530
963 4531
4532 4215
4533 3520
4534 2706
4535 4951
3197 4536
2814 4537
4538 4499
3458 4539
4540 417
4541 3679
4513 4542
906 4543
573 4544
4545 3208
4546 4705
4547 589
4548 650
2028 4549
4550 105
1375 4551
3799 4552
3086 4553
551 4554
4555 753
4556 3512
4984 4557
3025 4558
1242 4559
4560 4519
876 4561
4562 3136
2903 4563
4564 2167
4565 1485
4566 2885
257 4567
4568 2010
3664 4569
3550 4570
541 4571
2800 4572
4683 4573
4574 2681
927 4575
4576 2784
2867 4577
3042 4578
4579 2062
1325 4580
365 4581
1276 4582
2581 4583
2966 4584
2656 4585
1324 4586
2183 4587
4588 3748
4589 3726
4590 1350
280 4591
4031 4592
4748 4593
4594 1411
4595 3781
699 4596
4432 4597
3159 4598
509 4599
3298 4600
4831 4601
921 4602
4603 2586
4604 2769
2212 4605
376 4606
4607 4585
4504 4608
1148 4609
4610 2705
36 4611
3582 4612
4613 2387
4614 254
4615 3996
1103 4616
4619 4617
4618 4746
2820 4619
478 4620
4621 4700
2967 4622
199 4623
891 4624
2691 4625
4866 4626
4627 3328
487 4628
4028 4629
3187 4630
4631 3297
997 4632
2219 4633
4354 4634
4635 3492
87 4636
4637 3205
4638 3565
4639 1211
4640 1686
361 4641
2378 4642
4643 2831
4644 284
957 4645
4646 3462
4647 1126
4648 3413
4117 4649
4451 4650
4651 3164
4652 35
4653 1255
4654 3232
4452 4655
4656 934
4657 8
2289 4658
4659 3894
1412 4660
4404 4661
4662 1917
4663 1503
3348 4664
4665 1545
240 4666
4667 1671
2295 4668
4669 3895
969 4670
4671 1129
4672 2988
4673 1846
4896 4674
3368 4675
3104 4676
4340 4677
4678 2090
4679 3987
4278 4680
4681 2532
4682 4431
4683 2469
2591 4684
4685 887
4686 4815
4687 2680
1581 4688
4689 359
4690 1407
4691 1495
4692 408
4693 3567
4994 4694
4695 1527
4696 2419
4697 4042
4698 2930
823 4699
4700 466
209 4701
4702 3378
4703 4928
4704 2490
672 4705
3868 4706
4707 742
4708 4297
1814 4709
4710 4474
4711 4351
4712 438
4713 154
4714 3590
4715 937
4312 4716
4717 2198
245 4718
2869 4719
4720 4005
4721 4006
4550 4722
4723 3310
4724 4991
1428 4725
2989 4726
360 4727
4728 3175
4729 1334
1668 4730
4731 3337
4732 3013
4733 2931
842 4734
1373 4735
4736 1285
4737 1459
4106 4738
4739 1094
4406 4740
4741 3481
4742 3090
4743 2008
4744 13
4745 405
307 4746
2466 4747
2601 4748
602 4749
427 4750
4606 4751
4752 4379
1563 4753
4754 1623
4755 3118
4544 4756
4757 2547
4758 4112
4759 4227
2489 4760
1296 4761
741 4762
1294 4763
4764 2482
4765 4486
4766 1500
3604 4767
1948 4768
2893 4769
4770 2846
916 4771
4772 4241
4160 4773
2952 4774
4775 204
1132 4776
4777 2549
1513 4778
4779 1901
3396 4780
1030 4781
4782 1426
886 4783
4784 2600
1118 4785
4786 313
4593 4787
3351 4788
4789 3418
3445 4790
604 4791
3219 4792
4793 2224
4103 4794
1477 4795
4796 4527
4797 3312
2645 4798
4799 3602
4800 2190
4801 2136
2943 4802
4803 57
4804 2372
4805 1669
2951 4806
4807 1352
4808 3316
4809 4536
4810 1232
631 4811
4812 1204
2723 4813
644 4814
4815 2314
4816 4064
3741 4817
4818 2041
4819 4050
4820 3449
2285 4821
4822 4063
2056 4823
4641 4824
4825 4039
2286 4826
4119 4827
4828 1472
4829 4776
2542 4830
1389 4831
4832 2821
4663 4833
4834 3311
4835 4661
4836 563
1691 4837
2890 4838
4252 4839
4840 2774
3415 4841
1002 4842
989 4843
4844 1612
3444 4845
1787 4846
2802 4847
2793 4848
787 4849
1841 4850
2544 4851
4852 3244
4853 1607
3813 4854
4855 3191
1916 4856
4857 1838
4053 4858
4859 4555
4906 4860
4602 4861
4862 1843
4863 2014
4864 780
4460 4865
4866 2382
3675 4867
4868 1360
3147 4869
4870 2339
4871 852
4872 936
4052 4873
4874 3239
4875 971
1478 4876
4349 4877
4878 2079
1444 4879
4880 131
4881 1072
4882 1685
4883 2874
2116 4884
2358 4885
422 4886
498 4887
4883 4888
4935 4889
4890 2987
3266 4891
4892 2302
4893 4806
4487 4894
4895 4341
880 4896
3777 4897
4898 4674
4509 4899
4900 3545
4901 14
795 4902
288 4903
4904 2701
1972 4905
1683 4906
4907 1663
4908 1491
4909 3277
2409 4910
1611 4911
3977 4912
4913 613
2798 4914
4915 3560
559 4916
4917 4127
4825 4918
4919 1390
1965 4920
4921 3941
1275 4922
4923 3398
4924 2609
4925 4134
4926 4861
1708 4927
1141 4928
4929 2162
1466 4930
1854 4931
3161 4932
4933 1439
3561 4934
4935 1219
4936 1357
4937 4020
4938 3586
606 4939
4940 4135
4941 1307
2137 4942
4943 290
4944 192
3978 4945
4946 3217
4947 135
4948 3854
4949 188
4950 3947
1190 4951
4952 2367
1665 4953
4954 2970
4955 101
2631 4956
4957 2859
4958 15
944 4959
4960 3124
4961 4590
4962 3129
3026 4963
4964 4638
2210 4965
4966 2762
4967 2108
4968 3246
4969 594
2398 4970
1559 4971
4264 4972
4973 1647
293 4974
4975 457
4976 2341
4569 4977
4978 429
4979 1648
447 4980
4981 2905
4551 4982
4983 4395
183 4984
4985 3584
4986 3222
4987 4214
4988 244
481 4989
4990 519
4991 1381
4992 566
4993 4940
3691 4994
4456 4995
3763 4996
4997 1277
1718 4998
4999 2192
5000 784
[Finished in 0.3s]