4149
9968
9445
6421
4897
4105
8923
5289
5589
7648
2299
3440
7660
5158
3335
5281
9248
5098
1137
9996
8130
5152
6170
1460
8430
5263
4287
5146
3069
5386
6121
4040
2692
6887
9531
8742
5150
9291
4249
7864
9358
9841
1482
6940
9982
8560
3248
1391
2885
5426
4281
9639
4215
3650
8900
1036
1867
3291
2482
4157
9456
4342
9540
8234
3581
5053
7156
6850
6999
8911
3612
5969
1846
2459
3890
3571
8190
3320
4242
7033
1899
7860
1955
9256
9405
3928
5213
4091
7021
6313
1830
4425
2039
1858
2804
6804
7712
7664
9662
2611
5979
4608
6548
7070
4925
9141
2231
6090
2959
7931
7341
8939
1492
7477
8620
1351
8011
3606
5989
8605
7582
2539
9733
4789
9161
7374
8472
7505
7543
6401
8259
4758
6180
3919
3262
8293
5066
2704
7366
1462
5473
7699
8252
6724
7948
2391
8651
3324
1474
9290
9812
1317
5059
2722
8291
4640
8894
5543
5903
6456
5098
7917
5631
5540
3426
7294
5763
5653
3756
4181
1885
3183
7290
7289
3636
7796
6050
1216
8128
1472
3895
1413
8442
3360
3859
3515
3498
1787
8119
3159
7462
4092
2252
8559
7673
1688
4078
3761
6184
4257
8410
5777
9187
5095
9451
6464
1625
9116
7383
2661
4371
9794
1044
1490
3666
6300
9796
5587
5435
6622
1261
6526
4954
6536
4236
2946
4655
5431
3093
6070
3614
3969
2195
9358
3693
9007
2970
2891
1088
1767
1271
1434
9253
4385
8370
3708
9379
8979
1555
6612
9516
8824
9562
4979
8922
3474
5851
8936
3872
8644
9760
6141
9472
3353
4454
1858
7505
9091
7344
6137
3582
1205
6525
5285
4393
2794
5850
6333
4623
9706
3071
3615
5417
9512
7973
6577
8428
9457
7308
8371
3460
1595
1191
5484
2361
9359
9018
4016
9947
6752
4287
3180
6965
2455
5455
4999
8531
6469
3890
3018
3043
8327
7089
6956
7301
2873
7763
1673
9289
5474
3164
9985
2538
6381
9785
8488
1296
1994
1896
1705
9961
1737
3689
3386
9187
5892
6380
9262
5385
8468
9146
5492
5822
7681
4049
2572
4756
2607
2901
2444
9027
7635
7048
3812
3795
9088
8258
7796
6316
5846
1832
5351
6628
1473
9158
7887
1699
2811
7950
3022
3415
4925
6401
4013
9498
4742
3525
6556
4417
8513
4181
9835
3594
2082
2800
9363
4147
9949
5426
5946
4922
8109
1307
2425
7465
1082
8341
6754
7671
7854
1708
9878
7504
9625
6226
6072
3617
3780
7381
6152
7728
3448
6841
1524
8285
5783
5594
2766
6862
4440
3059
6157
3726
7792
9815
9571
9903
2777
8461
2688
8021
2629
9013
9035
1714
1734
4023
3403
8456
7481
9498
7220
2536
3893
6570
3319
1899
4924
9034
7234
7047
1102
6915
9607
6821
6699
7987
8479
5065
5678
4410
6612
6716
8480
9089
4544
9742
4365
9997
1017
3830
2385
1195
7011
7927
7664
7827
8484
8685
9208
4196
8050
6817
3514
7649
6754
1999
5033
5629
7670
2690
1932
4652
8821
8571
1342
9826
1352
7307
6841
5224
1872
5371
4604
8212
4929
5630
2596
9137
4275
1545
9030
8721
7668
6416
4011
5804
9852
2409
2153
5333
4900
4507
2174
3152
5324
7803
3293
9624
6019
3587
3759
4000
1025
4327
8239
7902
1053
9801
8855
8627
3335
8793
4111
9159
6278
5417
8758
3661
7931
1903
2627
8837
8615
9029
7290
1141
5111
3441
4251
5657
5867
9241
2315
6920
5790
3036
2398
6356
3055
8521
4901
9963
5452
4238
3490
2991
2952
8605
5419
6478
7553
3314
8064
2138
6662
6874
9727
5121
4907
2297
2711
3988
6073
7192
5729
8996
1921
1310
3795
1856
7388
4736
2007
3707
2979
4174
9393
2335
9842
3721
2869
4104
4079
7199
9345
1157
5704
1384
8478
1683
4085
3534
5749
2418
2049
4932
7778
5570
3591
7294
2058
9113
9646
9325
4448
4982
2428
7936
6608
9360
1609
1025
6471
7000
1500
3244
3343
2886
9920
7443
6592
8033
7086
4180
1056
8709
5925
5514
6708
3475
6131
1734
4962
7658
2239
4555
3045
5727
1325
2636
8429
4869
7735
5831
6083
8024
1203
1720
1819
8526
9451
5517
4535
3702
2914
9585
9386
9914
5806
3314
2679
4038
2013
4936
1490
9043
8981
2775
8790
4125
7792
9013
1206
5565
9767
8010
4361
4670
2123
3719
4639
1724
4191
8828
3856
7591
3702
9329
2933
2411
4168
8777
6428
6291
7204
9611
9742
3743
6475
6552
6265
3132
2409
2570
2853
3798
7483
9431
2635
6269
7031
4245
3447
5236
4252
8061
4251
6101
8055
7600
5018
6357
1931
9538
7509
5820
4906
9795
5544
1935
8234
2524
2693
2259
1359
8193
9281
2517
5919
7427
2405
9145
4076
6751
9731
6197
8099
5470
1134
2739
9241
3261
3397
1033
7357
2497
4713
9740
7803
6609
3974
7309
9186
4227
6817
8597
7809
5012
7231
9772
7310
6703
1409
6313
7434
1049
1792
7825
3823
6656
9201
2138
8590
4862
6367
3734
3163
9742
4741
9996
6455
3251
4526
7843
7805
2873
2354
7549
1884
7581
6355
1707
2740
8068
8232
6569
5913
2439
3642
9926
5149
1870
1218
3118
1075
1687
7210
5761
8162
4733
8903
9914
9145
6727
8552
4845
4111
7226
3142
4011
3059
2405
3759
5207
9233
8793
6332
6449
9910
8767
9494
1273
3084
3635
6786
4844
8748
2584
9019
8175
3941
5487
5035
7031
4182
6111
9700
4400
4456
1580
1298
6149
6093
6938
6074
2957
1508
5640
2174
5889
5068
3386
2655
9623
2587
1926
3261
9635
9751
5832
6529
4030
6852
3267
9104
3546
9697
9979
1300
6195
6218
7173
8498
8420
3428
3410
5788
8470
7569
9124
5773
1800
2169
6672
4605
1684
4510
9672
1679
5134
4095
5783
8821
3459
7619
3105
9927
7378
6903
1620
6474
6522
2917
6034
5653
1951
7352
8575
3495
2290
4920
1217
6302
1390
9259
2872
8802
3372
5537
8482
2838
6137
4935
3658
2749
1817
7295
5741
5014
4392
7878
9855
5089
9633
5063
6395
1326
4172
7292
3215
8543
1506
2879
5674
5987
7647
8746
1638
7724
6940
9545
2867
2095
2308
2102
3180
5450
9820
7486
2754
2093
4993
1461
9358
1798
4190
3049
8908
9788
3469
9436
8323
3292
5362
5259
4234
6993
1740
4829
4536
4261
1138
5799
9897
5660
6799
3413
1416
6566
6710
9638
4638
4668
1697
2758
1230
8949
8247
2882
1553
9751
7403
8564
1723
7913
6587
5172
3333
5983
3394
9579
4230
4507
6615
2534
7483
4748
7241
4287
4751
7577
5656
4642
8261
2449
1681
2581
3944
1760
6662
8954
8691
3259
5736
4132
9072
9753
9248
5300
6291
1323
8021
6043
5857
1161
5669
4578
5093
8383
9087
2742
9234
8661
2712
8188
2687
7786
5620
4562
9974
9436
5031
2800
6725
1814
7290
5567
4216
8710
3404
3016
5892
1706
7837
9920
1457
3085
4224
8893
6519
7792
6400
6747
6648
1517
6280
9586
4571
8028
7394
6352
4632
5100
5332
8079
7005
4695
2961
8616
5191
5500
4288
6843
1137
8764
3525
5421
2130
6850
8632
4215
7651
7139
4323
4561
7975
5915
4121
5152
4694
6963
9319
7513
7814
6444
3385
5231
4265
7302
2438
9295
9832
2648
6032
5267
8338
3222
1706
8821
6089
5793
1830
1255
4752
8162
7475
8162
6952
7894
5899
2591
2408
8678
4067
5387
3796
9462
8469
1957
4451
2571
7992
9067
7045
5593
7797
9435
4836
9623
6641
6122
4926
3312
3537
6423
8870
7776
1259
1312
5472
5367
5257
3809
4087
3968
7424
6637
4121
2272
6710
3964
7295
1688
4112
1649
7879
8132
5061
2144
6873
6866
3238
8563
9814
8903
8608
8060
7424
3525
8351
1481
7813
3357
9603
5593
6390
6142
4690
5796
4119
4742
5923
6470
3475
2317
7868
5982
4686
4786
8444
6197
7404
5366
7838
8182
6526
6109
1663
1372
3889
9751
8620
6762
3424
3506
8309
7854
5898
1192
7520
1903
2972
3630
1359
9839
8725
7975
2499
8762
1588
3944
2506
5796
7860
7910
8276
2155
4524
5569
5595
9459
7170
8734
3077
3368
4396
7182
4798
6300
7176
2177
8700
8584
5057
1785
9650
4903
9720
2465
9005
7201
8565
5567
6935
9028
6801
4974
5718
2429
5088
7562
6032
8782
7465
1068
3458
4084
1681
7746
1587
7436
8186
1047
7512
6915
4256
5555
7256
5679
8042
6397
3393
1797
9045
5858
9372
1390
8268
7339
5424
2291
1563
7203
6789
6533
1510
9820
5916
8334
1189
7602
5736
9919
8628
5398
1812
6639
6779
9358
7285
5706
9974
3209
7284
6414
8640
4902
2021
7545
7451
1311
7091
3364
9552
2654
7901
5345
7736
3799
3235
7549
7998
4674
6907
1488
9348
4420
7319
7927
7497
3557
8448
9202
1450
2372
4223
8647
4158
1168
5942
6140
5594
9628
8443
9439
3816
3150
8298
6274
3624
6430
4930
4795
6377
7493
1655
2118
6805
1764
1357
3772
9341
5192
4428
3416
3203
4644
4628
4048
7815
1435
6497
3134
1925
4106
7344
4330
8789
7750
9206
7873
2518
2678
5721
5607
6719
8856
3734
5189
5492
2709
7206
7532
3146
2333
2800
3519
1392
8755
2774
2823
4101
5777
9333
9119
9282
2343
9145
9182
5267
1799
7264
8833
9471
6593
8553
1155
5977
2915
1647
9009
2979
1625
9969
2067
9869
5903
9926
1624
4376
5782
5093
5556
2015
7437
1768
6352
6113
5020
1245
6014
8782
5253
4186
1724
2535
6728
4756
4235
7757
9697
9173
9128
3101
5045
5599
7924
9660
2211
8469
4178
5422
9477
5324
4764
3503
2507
5108
9189
9928
3481
6023
8484
3111
7786
8950
4320
1203
9355
4157
7882
6663
7643
5511
5247
9452
9433
3617
1079
9061
2757
3362
2406
2148
2940
5911
8970
1247
2666
9126
8413
1990
9504
2960
1766
5264
4846
2393
4738
5457
2857
2723
2938
5701
4538
1143
1123
6578
1711
4072
7344
2246
7205
7943
1871
7065
2248
3923
1643
5812
9411
6793
4000
6445
3496
3112
8188
5815
3153
9588
8799
9366
9694
9314
1963
8070
8834
7848
3096
2345
1251
1303
6814
1519
3781
7923
9845
2234
1401
2741
9981
7628
3920
9515
1915
4583
4530
6930
6001
3038
7023
7562
9943
9507
4020
8094
8434
8489
7650
1883
2027
2686
9116
8380
8178
7768
7953
4628
4407
2135
4296
5506
3391
8856
1423
2558
3431
6909
1972
1475
8793
1738
1771
8960
8331
8480
4306
8378
9005
8495
3431
2550
7963
8599
1666
3590
5498
4330
9698
2761
1904
9904
5859
3974
5087
8360
2903
6895
8447
3430
6518
4149
9100
6623
6722
8417
7097
5816
3847
6827
7370
8999
2019
5268
2156
6421
6047
7492
7593
5036
6959
9691
9930
9524
8251
2814
1287
1206
9406
9796
5009
1383
6743
7247
6758
8202
2749
1436
5295
2220
6204
1149
1517
8882
8736
7177
8777
1032
5651
6996
4596
6331
2113
9873
2781
2828
3636
9011
8703
7767
5051
4275
4685
5985
2341
8407
7778
5533
5538
5315
7869
8134
2460
9669
5213
5999
9905
9528
6510
8947
4492
8502
8291
1540
4384
7598
2292
6329
2926
2172
3654
6644
9666
3642
8490
7449
8432
6728
9708
3566
4462
1230
8682
9556
6656
8672
8914
3292
1363
3516
4136
2927
8693
9648
7933
4502
6346
6310
9008
3076
7720
6092
6730
4178
5359
3399
2481
7701
1723
3122
4920
5010
5620
4641
3148
4169
5996
5681
4629
8455
8214
7145
8089
4689
8585
9021
9186
9784
5034
4045
3543
4028
3690
9160
8195
7951
4399
8833
4316
6555
7126
1241
3252
8344
1102
1536
7483
7246
5688
3326
7096
1148
1293
3799
2242
1731
9358
4742
3634
6949
3410
3453
5480
4647
7282
8504
3545
6463
5709
2443
1719
3633
2157
3352
7618
7202
1958
1313
4975
5703
5548
4215
3029
6845
4339
9620
6000
3596
9621
1868
5902
2940
9265
1614
3850
2879
2846
4049
2390
5241
2258
3701
6577
6306
2434
9854
9213
4816
8891
9867
7454
5328
2967
6176
4404
6552
8672
7909
7776
9970
7242
3994
3093
9880
2292
9941
7013
6406
7034
5965
7101
6111
7623
1177
8447
8441
6808
8273
7765
9922
1009
6853
5626
9426
2391
1721
1302
3409
5680
7428
8455
9651
9619
7793
3391
8532
5319
7575
2208
6316
8513
5946
9263
1103
2111
2231
1933
6942
1375
2477
6892
5448
6761
7557
1098
4892
7192
6992
8054
6939
4229
4542
4886
6110
9756
8079
8627
8425
2139
6039
8205
8197
7805
1191
5721
8061
2165
1463
8576
3288
6299
6616
7654
4410
8428
4001
9686
9832
8497
8163
3604
1004
3828
6687
3199
5027
2583
9781
2918
5842
8329
2295
1372
9241
1031
5930
4114
5365
5717
9498
8439
8354
3631
8650
9975
6085
9550
7871
4251
1158
2413
6079
1329
1880
5372
1333
7857
6111
5825
9373
9320
7250
1739
3977
3984
3145
9735
9831
4022
7426
1610
5603
3826
4667
1358
1361
2515
1363
5583
7888
7134
5372
5769
1635
3309
6857
3173
6721
2204
6206
7709
2466
5923
7139
2233
5375
6223
3741
8554
1561
3513
4114
9664
5989
3418
7653
8796
8512
6384
4230
3371
9083
5885
8058
6216
4078
5968
6586
2448
3370
8289
8288
4438
8446
2904
7051
1504
2607
8855
4329
6207
7361
5856
9836
8516
1119
1912
4925
6718
9217
7821
3984
3965
2334
5661
2363
6084
3561
8265
8937
1575
4455
8708
1723
3917
8828
8448
1318
9535
9740
8225
8233
8162
8059
9211
2546
3243
6096
5473
1757
5466
3575
4682
6646
1361
2359
5315
2159
2061
8533
7873
3599
7290
9094
5261
8260
9740
4135
8373
1517
9531
1096
2643
3836
9667
8368
2876
9587
4724
6318
5442
8722
2484
6259
2822
5197
2047
9532
4380
7418
6092
9599
1722
6932
9218
4676
7214
9554
3309
4386
7184
2540
8953
9843
6337
1968
8341
2527
8980
6716
6192
3379
8834
3989
9114
3881
6241
3303
7011
8592
4898
3075
9637
3321
3020
2058
9486
2160
8181
5894
8551
8899
5481
6908
6115
7465
2916
1341
6525
7320
5494
6511
9560
6137
4272
8182
2842
8702
6595
1287
8609
5045
5262
4545
8513
5485
2147
9263
3226
6087
7310
1253
1656
9493
2685
2883
9058
2332
3139
9893
8656
9239
4256
9320
3825
3673
4305
7030
4069
5258
6142
6168
7828
1067
6297
3957
8424
9151
2931
9425
1977
8908
9211
7327
1066
6356
1401
3783
7066
6956
6427
6179
4009
1035
6987
9734
2840
7614
9674
8586
9493
6210
7899
3032
8005
4902
4185
9253
4073
2700
3349
1272
3913
5534
4915
1701
5550
2140
9787
5087
7496
2304
5266
3761
9308
2669
8814
9373
7786
3947
5892
4103
9616
6680
8080
9696
1560
3485
1875
8704
8549
6595
1080
5133
9435
7550
9312
1286
9414
5369
9864
9786
9781
9516
8695
8765
2177
1708
1901
6968
6045
4707
4833
8739
3503
6018
2566
2399
4428
8246
9658
4715
9902
2849
6120
7801
6655
4490
6847
3114
4191
3284
3197
4189
2538
3551
5626
3104
8551
8905
1181
5279
5795
9791
6015
3038
9977
9538
1906
5929
8738
9168
4763
4463
5042
2450
6657
7451
6934
7374
4790
3188
1583
8224
6416
7857
2952
2777
8198
1239
8395
9203
6027
2991
4809
4285
9928
7804
9466
4322
2059
3238
3471
4957
6832
9784
8846
4916
5940
2676
8333
9737
9688
5808
4942
3601
9556
8716
9886
5381
6009
3687
2731
4930
8321
9938
6593
7462
8843
2295
1015
7476
9448
7209
1359
1412
2522
3708
1191
2137
3109
7195
5066
5283
4795
7199
8903
7374
4330
1380
4934
6298
2968
5093
4010
4283
1184
5325
1350
5511
1474
6137
9005
3756
4882
9198
1522
6596
9406
9227
9931
8631
8110
6246
8674
8042
2573
7112
7554
9065
5785
5408
5651
2847
5872
8459
1197
8872
1754
7796
3535
4449
5820
2009
4278
7264
5592
7656
8293
7971
2984
5377
6306
8406
9719
2623
8113
7144
2082
4988
3659
3197
9437
1985
5965
3612
8477
2715
6493
9830
3251
4494
3141
9824
3005
8512
1680
9544
6865
1301
7811
1556
9386
4368
5896
1181
1937
2182
6247
2331
7607
8489
1627
7504
2398
1915
8449
7099
8880
8335
5464
2792
5051
6208
3715
3377
5631
8465
9966
1230
8583
8068
8955
9777
4274
2767
3545
9094
4707
3122
2690
8558
8044
8334
1577
9564
4764
8624
2064
7240
5669
2734
6634
9179
3230
4073
5174
8246
5273
3452
6812
7089
2311
3102
7623
5909
1299
5803
6194
1392
4457
1171
2345
8272
3523
2944
8982
6436
4567
4369
3008
7656
8839
3275
2923
6977
2483
4957
9355
5115
5718
8867
3996
2099
8248
4609
4130
3322
3517
5973
9752
4782
3209
9936
7662
5390
8464
5202
1424
7676
5093
2471
1698
6617
2602
1949
3261
8385
7264
2299
2270
7570
1916
8814
8618
3225
3570
7812
1450
3768
9298
8989
5070
5647
6254
3569
7513
9713
9612
7426
9067
3563
4957
8944
6120
5279
7749
8420
8263
8788
2569
3489
1830
1304
7685
6846
6820
7395
4731
1776
4760
7717
1433
5018
6139
5085
5035
3006
1350
5757
2463
6817
1483
8840
7888
3561
2030
6571
7443
9369
5189
5442
7855
1389
7264
6396
2289
9309
8344
2786
4534
3710
2052
3555
5132
9927
7338
7268
3998
3958
6716
5663
1931
1266
9390
2222
7023
8504
7301
2217
3652
9460
1499
6347
6796
4059
4785
1281
7226
3392
8517
1799
9744
1927
1024
5380
7633
9021
5624
9087
8642
2647
7177
5476
4717
6598
9481
3459
5098
6802
1608
7034
2859
3906
9538
3786
6791
5562
4276
3049
3005
1391
7808
4341
9445
5429
4359
3933
6029
8795
9908
5322
2738
5259
4870
3055
7329
9487
3775
3995
5697
4452
8134
8717
5628
2650
6909
9923
9079
9728
4830
8924
7326
7068
1974
9629
6028
9487
5847
4523
7560
5347
2642
2728
7577
4929
3934
4957
3036
9659
4047
7196
9700
6431
6314
1128
8198
8397
7450
1406
8510
7683
6759
8770
7405
5363
1795
8338
3817
4990
1429
6196
5641
5160
4263
7335
6112
3932
8869
4613
8623
4806
4276
5599
8741
4339
8111
1941
5365
4217
7907
8694
1408
9540
2794
2784
7083
2522
5770
3751
8959
6803
2820
1935
1138
1861
1371
3507
1020
7435
2147
8618
1611
4157
3956
9047
4289
5902
6799
2348
4102
8492
5856
6442
9309
2003
9057
1660
5403
5369
3587
9644
9661
6147
8151
9530
4632
9155
9711
1521
9059
2920
6498
5784
7147
2708
5379
7787
1298
4412
7494
7458
6398
8147
5496
2258
9005
4614
8934
8273
5371
3794
2647
1452
6449
5572
6504
2111
7705
4820
9099
7329
7756
2171
3608
6859
4803
2233
4167
7514
9331
8984
5387
6349
2506
6551
4934
7731
7471
6276
3268
4709
4244
3233
5019
8783
2615
5689
8434
4418
2919
7729
3541
3214
5256
6017
1822
6632
1322
5156
6232
3111
1087
1437
8601
6296
3151
1728
2214
8234
5418
9291
4799
2563
6471
1014
4677
7805
9313
6334
1613
8538
1020
9412
4115
1105
6912
2041
9534
8750
7217
4336
7584
8648
6545
3656
4356
3508
6885
9738
8698
6668
4349
8098
4256
4224
3162
4687
1817
4772
5106
3407
6068
2202
8974
4822
8005
6964
1045
3687
2464
3220
6332
4322
3900
7942
1943
1928
5445
2618
5748
5105
7958
7762
7624
3258
9731
4632
3649
8208
9697
8393
5862
1784
4090
9393
2588
8737
8548
2594
4415
6168
7666
5804
4264
9925
9372
1534
2236
5117
5041
5556
1458
2372
9153
8856
9375
4036
7729
9017
2125
9249
5377
8431
1532
7971
4694
5908
1236
6966
9481
5180
6659
5537
8527
3114
3289
1328
5634
2895
8127
5954
1045
3805
1918
7175
3867
2133
5169
8877
8199
2889
8312
7543
6262
5012
4065
4068
9107
3334
8318
5876
3219
4846
9176
7476
2919
2783
6971
1741
4310
7544
5373
5606
5939
7788
9731
9812
9175
7009
8628
4377
5281
5130
8486
2272
9158
9986
4866
1944
3646
8369
9754
9527
3681
4967
8615
1014
1149
2247
8074
1649
2991
3643
3296
1737
7701
2917
7684
5969
2531
2648
9408
3791
8919
5540
4273
8073
3975
9473
4261
2922
3878
3403
6933
4384
9945
3656
1353
5646
2580
7204
7489
7826
7969
7775
6178
1123
7781
5917
1338
8864
9247
9690
7679
6406
1918
4660
5306
6049
9033
2533
4734
7993
5527
7117
3439
5273
4524
1504
6519
4623
3803
2668
3892
4803
2980
8407
3335
2819
8933
2595
5724
3545
3780
4739
8708
7242
7729
4567
2963
7556
3332
9866
8710
1891
1066
3285
4248
3927
9920
7182
6636
3397
3834
3792
3282
4065
5915
7987
5023
2079
6060
2796
4229
7423
3288
2711
9866
9538
6989
5496
5817
6926
4549
3886
1413
7187
1603
4643
6065
5484
9424
7799
9422
4992
3697
7419
5186
4847
4649
1475
5027
5240
7954
5060
4940
6528
3317
3284
9252
8844
3607
4205
8890
3284
4584
6944
5151
1536
6939
1691
8927
7778
4676
3676
2426
9071
7063
8130
6646
5112
2196
9998
8771
9087
8798
7040
5401
7072
7749
6985
5651
7373
2420
8602
6374
1437
4486
5119
8132
8819
3211
1467
7932
3688
3431
5606
8379
8810
1281
8907
5622
4548
3357
1612
8634
4491
7824
9220
8452
9363
5531
2420
9649
9786
6223
7420
6019
4219
7311
4941
9683
9171
7731
2893
8776
6295
8850
5741
3559
7099
6062
5225
9486
3656
5957
8387
3940
7349
4067
1245
4214
4847
8810
7991
4301
7370
4463
4093
4546
9997
6726
6088
5736
2563
9601
7850
4732
4993
5748
3065
2836
6409
8354
6487
5969
8178
9499
8292
4148
9034
6250
6118
6534
3340
9829
2473
6776
3700
6456
8680
3199
7746
7168
3331
5121
3422
9130
8317
3335
8766
1364
4229
5212
2643
2585
4233
8462
2678
1792
1612
6886
7429
9506
6525
5635
2680
4415
2890
6069
6309
5925
9695
7748
3734
3672
5249
2162
4749
7895
8286
2394
3906
4458
5395
8207
8422
3773
4127
8618
6948
3683
4713
9768
5762
7904
7220
5344
6914
5516
9950
3853
3547
6476
6282
6438
2412
7307
8263
5728
1406
8977
1391
1469
9770
8465
1686
5150
9228
3902
1502
2856
6160
1380
6133
4856
4613
9445
6779
8893
6677
6610
6447
9219
9229
9236
3919
9152
2463
3607
4129
5791
5934
7587
2282
4975
6501
5510
9240
6381
1069
5023
2132
5739
9981
3103
7798
8575
1602
6547
9278
9631
9217
1889
3727
8971
7646
4688
1151
3956
6851
9255
8306
2224
3247
3183
3866
4671
2102
9403
7961
4874
9342
1546
7367
4451
3177
5604
4967
6204
1588
1179
8812
6212
5982
6470
7788
7419
8846
7647
1503
9798
8637
9438
6790
8218
6758
6212
1830
3342
8620
4941
6065
3372
6581
4885
5743
6981
7130
1037
1604
7364
1662
1846
1562
3932
4892
9475
3967
9578
3094
6521
2152
2570
6503
9959
9529
1424
5945
1262
4080
1733
5353
5238
6331
8803
9601
6513
4794
2762
1807
6053
1107
5677
8313
5908
4431
9553
1574
9295
5839
7487
6549
9347
6772
5977
6696
3578
1233
5586
9018
5711
1267
1794
6717
8245
5923
6964
7052
4966
4112
6828
7543
3640
9463
9646
5707
6374
3509
3831
9300
3747
2593
4206
7544
2000
2099
5891
5725
8760
7348
9112
6721
9393
1436
1428
8787
9641
9474
3054
4318
4675
4490
9781
6514
5140
5501
7738
6525
2661
4618
2331
9480
2880
2041
2803
8432
3315
3887
7599
4788
4924
1602
7615
7399
5469
7634
9394
9062
4464
2316
4575
6584
8159
3985
9018
8621
9935
4275
2564
1892
3802
4987
5543
5359
6707
5001
4788
8313
8229
9187
2241
5820
8044
2996
3415
9129
7509
1028
3083
5202
6142
3689
3957
3117
7698
3251
7988
3234
9861
6587
7490
2062
4936
6171
4269
7506
8750
9700
7574
6306
2914
9599
6615
9434
9312
7038
8197
1570
9411
5066
1593
9778
7064
2459
8640
6118
7754
7429
6385
6280
7309
7649
9880
3197
5838
7158
4676
7780
4104
6088
1277
3243
4177
5510
6215
7151
7124
4706
5957
2609
4637
6890
4878
7290
7629
8591
8371
3782
9543
6365
8323
3086
3909
4968
9410
6386
1239
4896
7428
7461
6517
4157
3536
3193
4405
7764
8930
8438
3456
8854
9307
1770
1845
8891
4667
1901
2966
7130
8620
2967
7450
1809
5628
4379
5957
5499
3629
8849
5314
6208
7816
8807
4420
7480
1492
6103
2617
7357
2056
5392
5316
9222
9605
5361
6206
4053
4943
6562
3660
4883
7539
9235
8404
6083
4899
4681
4740
8796
4372
4799
9018
5254
8150
4249
3678
3929
3822
9087
6182
9385
4999
6694
3301
2279
9941
5299
5449
6785
7328
4378
7989
9212
1475
1588
8494
9140
1494
6850
7138
4663
3183
7875
3851
1676
6981
3404
5518
6617
1691
8329
7012
5160
6363
4935
6353
6246
6708
1342
7247
8333
9013
5781
1395
5094
3218
9546
4682
6127
4830
5485
3198
8668
8727
1700
4987
6377
4593
9133
7359
5157
7050
8822
3348
4522
2607
4517
2311
2118
9727
5852
6831
3416
8172
2801
7430
1294
9753
2026
5488
2039
2458
3862
2112
9942
5638
6685
4640
7397
3199
8981
5240
3942
9289
2810
7047
3186
3541
2117
5676
4497
2711
1712
5895
6332
4268
8084
6889
6964
3455
7197
5550
1183
1790
7423
1207
5614
1284
5012
5351
8749
2252
5860
7406
4753
5127
2274
7045
1826
8758
8275
8540
9445
2695
2341
2304
1710
3140
1347
6414
8673
8808
7917
2948
1375
1059
6520
4973
4263
7345
3698
3443
2525
3272
6499
2777
5878
6643
3978
7451
1281
2537
1463
9003
9129
3974
5666
5677
3989
2313
7784
6546
6413
9310
7239
1500
4123
5430
1911
6081
7239
8852
8211
2838
5919
5491
7130
5886
2044
8775
7576
3404
6706
3450
1011
5609
9177
4117
7118
5243
9758
4487
4989
9255
4325
4351
9517
4420
4785
8379
7468
5822
8716
9791
9888
2565
4702
5125
9066
4115
7754
4627
7789
1511
3158
6585
1622
5835
7822
4774
1795
6019
1371
9734
1865
1213
2977
8523
3617
2835
1110
6738
1303
5227
5434
4819
9414
4993
2575
8512
4716
9176
3583
3007
1906
4742
2943
7597
3265
1160
3386
9730
8526
3247
8053
8147
6191
8179
4697
9435
2385
6231
4397
2501
5924
2627
5422
4413
8680
9410
9402
6847
8194
9168
7907
3198
9751
8489
8046
4577
2526
4787
3936
9876
6374
8878
5996
1785
5187
7508
8230
9429
9841
2123
6936
4847
3671
5395
7200
4730
8717
6210
6253
1812
7071
1863
7903
9542
7306
2303
9583
1942
1666
6983
9747
5213
3670
8261
2881
2773
6557
9762
2656
4281
7416
3806
6495
4693
6455
2232
9289
1187
3316
3190
9720
1073
6987
2377
5912
8293
7221
2943
2909
7168
6211
1835
3710
4384
6461
9221
3968
3307
4202
2634
1460
6881
4159
1018
4044
8397
1304
8670
9064
3126
9498
8422
9773
7734
3108
1275
8866
5045
1706
8835
9854
1721
3104
9508
5111
1583
1115
9224
6592
6823
8788
9363
9526
8124
1941
6765
7967
4709
1938
7745
3316
1821
8878
5195
4912
3886
6214
5385
1242
8947
1593
9061
4177
1327
1165
1410
1973
8185
1404
2760
2104
3718
5496
9300
8706
7826
7877
8165
8464
1396
9689
1008
1870
3095
1402
3025
4945
6048
6190
2981
8905
6764
4036
3945
9630
9435
4742
8107
1859
4683
7566
3697
6595
5609
9299
5459
5745
8568
8853
7171
8817
8197
9440
8965
1219
5548
6570
4624
3732
3424
4483
1852
6136
6149
4687
1559
6875
7354
3353
1832
6790
9100
4477
9435
3408
6889
3450
2036
3229
8299
9544
1457
9326
7286
8784
9375
4847
6647
4355
7979
4811
3550
2300
7758
2078
2653
9997
6405
3757
8635
5017
8087
8101
6825
3518
2818
6323
9917
5701
2476
9394
9123
7685
4348
5276
2590
9757
1283
5358
7285
9489
3935
9470
9809
4609
6069
5112
7903
4374
2971
6952
1652
7901
1857
1557
1160
7180
7383
3752
1622
3307
5737
9487
4418
4446
1762
5996
4152
1494
6094
7349
4105
9355
5901
5565
8187
1270
4234
7557
9912
4849
5013
6464
4220
7476
8649
6090
9783
8748
7071
8335
4397
1747
5669
1677
2190
9546
6670
6281
5705
4079
2447
8469
7867
4861
1810
6887
5322
1801
7454
3738
4881
1762
4853
2266
1083
5303
7195
7049
7038
9186
3045
5390
2873
1416
7616
9077
2166
6410
4899
2380
6242
5167
3583
2616
4451
2939
3689
6945
3685
5847
1717
3163
3246
4358
6276
8349
5391
7332
2759
5635
1086
4236
1896
1708
9333
5320
9331
8474
1744
8383
4413
2317
4988
1301
4997
3138
4911
2453
7461
3907
5472
3134
8006
4306
9685
5611
7470
4329
8829
6685
2807
8135
2522
9233
5846
4414
8444
4291
6852
7643
3936
1975
3673
1257
6093
3563
8659
1187
6525
6583
6997
2040
5267
7205
7829
4937
8281
1562
5453
8963
4907
5049
9244
3054
3144
7431
9400
8220
8016
4619
5170
3942
3719
1520
1363
9917
5245
8507
9606
8788
1053
1347
1085
6880
1668
5652
3704
5974
6641
2965
8983
3463
5492
8158
8628
4825
5452
3294
7666
3975
3537
1718
2582
9869
3043
1372
8548
5620
1719
4146
2327
9266
7005
7200
2323
6078
3223
7859
7217
5179
1661
6494
7340
3856
6367
5521
1142
8423
5769
8357
3105
1971
9701
1452
4879
2174
9225
9252
9965
8059
6610
2964
2475
8873
3679
1577
4727
3938
6309
2810
2693
9027
5471
9889
7234
2868
5887
6828
2415
4080
7516
4686
7270
7892
6057
7940
5384
3515
6758
9933
2588
5481
6961
1352
5219
3180
1398
8450
9964
8557
5523
7836
2304
8900
8973
6081
1202
7752
3239
1919
5070
9082
9557
5101
2352
9320
7861
2710
6697
4340
7395
4642
1426
3888
3237
8479
6116
4806
2397
5201
6648
4878
4154
2268
7437
2364
5160
3262
3921
1539
7596
9234
8692
1499
4996
9664
9618
6960
2934
1962
7493
2071
9110
5323
3720
7602
3226
9987
6580
2178
2466
6234
2961
9593
5745
8420
4232
6087
5521
2877
9506
6699
7470
2543
8947
2193
1378
7729
3698
2317
9308
6767
2183
8678
7694
2627
8226
6679
5032
1051
8908
5870
7831
9138
3671
6847
3935
2743
4011
2515
2382
5919
3721
2310
1863
1036
3873
8874
5603
4143
8288
6587
8037
1852
2220
2912
7738
9253
7997
7226
3383
4005
8811
9853
7985
3680
6937
6767
9837
1397
4530
6079
2164
7188
9199
6626
8298
3717
3533
7461
2678
9476
8673
4906
8973
3509
1167
3386
1784
8950
4048
3142
7881
3014
8142
9247
8095
9646
9406
2049
1947
9159
9789
2400
2206
3394
4542
5206
4402
5177
8685
3614
7982
6443
1719
1891
1694
2561
6077
3215
1009
5793
6166
3135
6176
4293
9767
2199
5117
8084
5313
7800
6321
1075
1753
8091
3764
2189
7316
3741
5927
7634
6652
4902
2214
6047
2547
6988
8642
2468
2958
3597
2953
8634
3527
1815
8274
1371
2080
9856
1107
5620
5781
7368
8449
6593
6662
2778
9434
6001
4530
9647
3947
9975
8486
7458
1816
3297
2170
4017
2673
8174
4213
3215
4472
7034
6947
9638
1480
5585
7758
3860
5395
8466
2356
3821
7441
5952
6574
7664
6249
8384
4571
2281
8099
7239
7205
1785
5628
6883
9171
2809
4733
5760
2113
7704
1691
3596
7756
9747
7377
6573
7906
4261
4600
4184
5126
8323
5719
6208
7646
8445
7433
9742
4598
2453
9852
6538
6332
9898
3603
2404
1846
9656
7896
6846
5219
4925
7459
9816
9969
5163
6863
7606
7166
8724
2605
3976
1299
2767
7628
7359
8674
2297
8343
6600
7679
6452
5521
1493
6641
7423
2517
4992
8665
6815
2612
1712
9924
2673
4493
1717
8533
1562
2543
2563
4605
8208
9436
4152
2537
5098
8129
8446
1526
6731
9504
6606
3187
5489
5299
5786
7178
2859
2282
6173
5042
7728
9909
3319
3356
9268
8787
4220
2807
4650
3868
8587
6469
9122
6702
4460
8120
2617
9677
6424
1678
2630
5903
5057
1785
5638
3651
8354
7489
3169
4024
1404
2832
6873
9010
7515
6026
6147
5222
9325
4999
5374
7527
5497
8973
7745
3850
5238
4306
6777
1174
4209
6756
6249
4441
6118
5546
1701
5230
4461
2157
4715
6241
2462
6836
9937
8392
7491
8366
6260
7331
6320
1834
2374
4765
6914
6821
7006
7029
6875
2581
2292
4988
3500
5650
4690
1646
9181
8085
1796
1579
5042
2479
5840
2290
9860
8219
7434
7538
5848
6904
1558
6451
1822
8934
3492
5587
5066
6375
2934
1106
1624
1574
3655
9072
2562
7892
5532
5018
6922
6792
8529
1226
1351
5555
1216
5239
9770
9235
2429
2847
9234
3644
6909
9082
4346
5826
7131
9102
6265
3900
1008
7111
2289
4766
2540
1143
6729
2703
7908
9138
6331
9601
6973
4634
2592
1851
6230
5179
7500
3187
2190
7610
7646
2760
2141
9657
3025
7898
6524
5401
5931
9527
9763
9939
2784
3410
5141
8306
7298
2808
1653
1080
5433
7483
7912
1708
2581
9341
2023
5110
6260
3275
3348
1423
9750
9703
2850
7784
6426
9129
1625
5341
4762
1899
7256
7633
2761
1107
6693
2574
9731
5481
3360
7075
7526
3587
8069
1973
6751
6518
7718
6512
7253
4355
9296
4456
3543
3311
3306
6996
5320
2666
9074
5513
7050
9642
9024
5521
3289
5900
7588
6181
3206
7911
5513
8196
3327
6592
8547
4319
5928
1199
8934
3782
2795
4148
5234
1431
2565
1561
4657
6066
1217
6249
2671
4495
1784
8380
8820
1348
8082
4202
3946
3515
6862
5196
3254
1590
7834
8438
8171
8960
8115
8284
2579
2763
4182
3676
1764
8362
4749
2147
5958
8799
2988
8785
5415
1247
7091
6303
7409
8549
8001
8767
7480
2821
6480
1612
9587
3420
5990
2766
4893
3309
9285
6086
7992
7450
7365
5321
6418
1974
2825
7898
6783
8578
7947
8829
6525
3219
9887
8696
7869
4693
8136
7077
5722
4730
7093
2666
7034
9810
6437
2837
6465
7725
5607
4084
9284
7694
8233
5395
6386
1598
2063
3286
9306
8874
7098
4845
2719
3949
2269
6189
5280
6300
7274
1684
6831
9426
7852
1072
8175
1272
6581
3402
9130
3505
3123
9469
3378
6924
6476
1397
3890
3690
5547
9023
9108
2619
5410
7001
4258
4045
6393
4512
1833
9826
1191
4114
7069
7452
8321
4798
7982
4073
7392
5750
6544
5934
2018
5782
6690
6725
5318
2001
6862
3344
7188
1002
5336
9482
4529
8792
1519
4102
4128
5243
2213
9353
2811
3009
6797
6682
2918
1783
6196
5551
1881
7774
5008
7095
9292
1383
1502
5905
5674
3326
9616
1473
8836
2419
5644
8180
6719
6586
5889
1663
1416
3317
6737
9789
3461
9415
6686
7747
4316
3206
9425
1497
5838
1083
8832
6554
1018
1542
4969
8360
1084
9064
1502
8320
2260
7645
1664
7095
2442
5310
4154
3620
9880
4616
9313
4657
5047
7650
3515
8252
8258
5468
4981
2878
1337
1200
5814
9981
4164
4038
4337
7573
2378
3579
7949
8397
6303
4472
4576
8256
7444
3059
3459
9657
1507
8702
3107
7502
7403
2389
5895
4647
4210
8534
7799
5045
6425
2552
1568
7673
3223
3880
1521
3874
6163
1952
5696
9571
7767
2765
6710
8441
6427
7597
7173
7811
8955
8199
7946
5097
3872
7068
8335
8559
7459
3573
7713
2410
6521
9303
6681
1355
5626
3244
5016
4475
1348
2327
7889
2257
9191
2206
6217
9432
6065
3313
9534
4910
9038
7179
8503
2528
2362
1159
7320
3022
8610
2614
2238
2434
5791
2266
3471
5841
1041
2001
6315
3437
3043
8299
7038
7614
5298
8104
3870
1604
7346
4792
8567
9617
2482
3571
3795
7666
2221
6678
2914
9257
9316
1180
8980
5314
7859
2804
7556
2944
6198
9807
1202
9349
3721
5037
7027
5881
9705
2879
1950
2322
8323
3231
2491
4560
7974
6517
1963
9405
2953
3824
3087
9284
4030
1351
4483
4644
2199
6952
9516
1583
2727
1217
5129
8297
4758
8845
2473
6162
1954
7143
5838
3462
1790
5598
5130
8487
5583
4846
2922
3805
4780
8178
4156
2927
7783
4385
3489
6207
9558
8326
4442
3307
4309
2304
2772
9858
4323
7815
5661
3966
5641
6230
7614
7865
8542
2488
5546
4590
5159
8422
7257
9742
2104
7347
8834
4373
9732
4521
3294
3814
2678
3260
4549
2294
1937
5124
5117
1422
4771
5570
3975
6824
9850
3729
8192
9450
7140
4823
1444
4807
4977
2072
4911
1465
7314
7002
4579
4103
6826
2802
1697
4227
5456
1520
6565
9220
5233
6762
6653
5592
6898
3115
5875
4475
1554
1914
4667
9878
1991
1869
8468
9388
8682
9556
8625
9951
4610
3011
9011
6709
8213
5098
1657
7281
1264
8272
3256
9804
6079
2116
6972
9573
2602
3662
1884
9883
9261
3433
9129
4751
3879
6705
5465
2372
2311
2470
6383
2270
8801
4390
6163
2167
2482
4930
3917
4931
6548
3464
5194
9148
6039
2192
9584
8429
1372
7751
5122
3152
8239
4983
4813
9742
6930
4790
2804
1742
8140
3828
9228
7607
5089
6407
8941
7221
4951
6232
6237
2003
5373
1652
3006
4309
2270
5149
5678
5956
5988
9388
4018
9710
6356
1973
8073
6469
9789
7941
6143
2587
6421
4139
8892
2756
1084
8008
5981
1909
8066
3855
4199
5456
3510
3970
9952
1352
9726
9853
7415
3169
2029
8682
9918
7460
8040
3977
4093
7356
2180
3659
3553
8154
3869
1941
3119
7647
2914
1956
6825
7726
2517
1928
7474
2584
9006
7359
1761
1504
4298
4548
9033
2969
9000
4194
6031
1540
4069
5544
9543
5773
9349
4171
5820
4956
4849
9161
8916
7252
7383
4148
5508
3444
1540
7466
1738
4597
4050
3313
3503
1050
6465
6459
2243
4497
8901
8711
6797
9856
4912
6829
3786
9886
9656
4436
8007
5474
4409
6430
6769
6295
2607
4657
4689
2812
8952
2452
9499
6525
6760
3320
2908
2110
5560
7241
9985
7979
2134
6770
1174
2687
5932
2562
1573
9230
4383
7657
4559
6523
4152
5923
1844
9411
5331
2370
7361
9672
5178
2756
6555
2770
9783
4953
2954
7433
9243
5906
3786
3207
7082
6138
7985
8963
6927
7958
9417
3546
5582
3936
6067
9300
2794
2642
6485
7078
5693
7656
4663
4959
3694
8569
5335
2664
8723
8573
9823
6446
2328
9365
2769
9260
6714
8302
9041
2373
4729
2358
2376
5605
1244
1746
6396
7139
7776
2583
5354
7122
2902
7170
4900
2377
5426
6097
8650
6661
2162
2309
5921
4579
5071
6338
6716
1355
6436
5845
7884
5220
1146
5841
2333
2582
2673
1150
1340
1248
5603
8719
3568
8923
8321
4201
2211
1679
5347
9276
5470
5432
4995
9519
6789
8207
6276
9142
6600
6612
6794
4806
3758
9471
8621
4588
7083
8289
8092
1364
1961
4001
7212
9156
8559
1859
6759
4093
7528
4053
1711
5017
7359
2484
5388
9841
8818
6394
9634
7237
2941
5503
8684
4450
7832
5846
6636
4842
1625
3201
4125
1590
3658
2855
8026
3895
5255
4063
5765
4535
2974
8720
7835
4187
9107
1413
2445
1742
8641
7038
5179
2247
5886
4826
5073
1164
6931
2963
8052
7162
6362
9066
1054
3785
6392
5791
1492
1563
9282
5979
8020
7497
7449
7083
9326
2687
6890
5988
4813
5250
4263
1602
6415
9700
4810
9203
5559
8835
4557
8745
9044
9614
9380
2752
4740
7051
9127
4400
5461
1359
3340
7602
3991
3505
1102
1204
4552
6510
5656
2602
2981
1928
3862
3331
6568
5530
4407
4931
5743
7780
7097
1076
5234
4383
2056
1210
1293
2255
8320
3576
7034
5942
1157
6548
1967
9179
1923
2626
9234
8572
8724
8259
7046
3620
4682
5242
8420
5536
9672
4924
2993
5234
7519
7742
7176
9571
1774
9467
4890
4395
4433
2709
7809
6584
3884
2634
2442
7852
9960
7522
7878
5345
9453
7976
2524
4908
3180
6754
8703
8833
7436
1382
6573
5836
4051
5024
8464
7405
9170
8256
7917
9713
4344
1224
9075
9814
3989
3128
2541
4408
1297
8032
1360
9843
1497
4758
4735
5204
4396
5952
8685
3949
3248
6959
9676
5876
6337
4188
7681
1522
7491
2813
8703
2079
2226
5735
6495
4358
2012
8931
3863
7070
4387
8121
4322
7005
3940
3036
1335
7917
8011
1935
7356
9522
8083
8224
7974
6076
9510
2060
3172
5597
6968
5304
4629
1725
6314
9042
8332
2758
2797
2407
2352
9002
4362
8490
7082
5401
2443
6690
2552
1315
5522
1935
9944
6092
3281
4301
4525
2031
6807
7845
6662
7112
9538
7744
4022
8233
3370
4319
8985
6614
6370
5162
8549
9243
3891
8863
2956
8750
4136
2336
3106
4761
8701
9851
9438
7607
5617
6263
5202
9074
9703
7690
5606
2021
4576
8246
2106
4529
4507
3764
3983
1800
4326
8499
5788
4913
7972
2586
6050
2587
3255
8622
5544
9260
2062
3731
2003
5337
9303
7768
8916
9919
3951
9334
9702
7820
1673
5578
2903
6492
2923
3384
3213
6219
4805
6890
4553
7557
7194
8468
3896
8128
2896
8294
2664
1911
3029
9473
4345
4745
3206
7627
8559
4683
3145
1341
2966
8515
9277
1260
5342
5502
7905
4764
5335
5245
2876
4961
3024
1203
5221
5961
7876
5413
6562
8526
9498
3511
9704
9347
3767
1438
8745
9321
2803
4658
4962
7228
8630
1345
5401
7785
9948
4330
6524
6884
7682
1333
9746
7276
1776
2837
5781
5801
8230
3855
1294
3137
1564
5372
7266
6523
3413
2912
9458
4847
2030
9826
9186
8233
8805
2158
3704
7455
8918
7507
4754
7495
3244
8354
9050
4155
1676
4379
4473
9468
6324
2867
4098
8572
5224
5849
9869
8369
5039
6725
3930
7141
5975
2420
4415
7300
9960
8161
2011
3360
4276
1567
5025
9016
3673
8035
6770
7510
8333
7922
7088
9806
7819
1582
9989
9662
5608
6471
5886
1898
3902
9660
4479
6829
9188
2911
2144
6439
3629
9606
2574
8072
7843
6907
3477
8972
7719
9403
2473
8438
1588
7427
1906
1051
7200
7410
9033
9126
4874
4432
2982
7948
4131
4165
5629
9326
1764
4672
9281
7800
4624
7329
4318
1094
9411
5432
7260
2913
6546
9942
7739
6724
6592
8034
9945
4920
1957
3608
8443
5099
2153
5427
5249
1083
7548
8694
2338
3762
6400
1972
5983
6811
6137
1766
4103
5691
3769
2358
9467
6440
2749
9139
6640
3409
1347
1160
1057
3695
3961
2601
6540
2211
2163
2008
8103
8100
1151
2741
9214
9952
4330
5840
1785
3503
4424
6957
7662
6929
6479
6054
9157
4614
2057
3353
2741
9412
2371
1348
3117
4517
5474
1838
6059
9726
7531
7347
7963
3166
1094
9555
2764
1004
5277
7239
4189
7129
9300
3173
5714
5453
7706
5666
8361
8180
5143
5260
4809
2553
3815
2068
8144
4086
6740
6445
5669
6612
6751
8528
7633
7245
7082
3214
7962
5985
3270
6776
6556
9993
3984
4870
5700
2275
7989
7874
6167
8840
9617
1723
5672
6077
6895
7081
3772
1697
3376
2783
3765
5416
4073
4043
9233
7198
6120
4860
9945
4010
5620
4179
6152
3719
8666
9920
9390
3608
9279
7308
3478
5286
8929
5444
3790
9732
9580
2098
8892
5458
8992
5417
9346
5857
5183
5642
6697
1005
8281
7782
5205
5893
5742
5829
9514
4195
1671
7028
7812
3910
2019
3937
9710
6712
5451
1978
2250
1870
5702
9658
3311
3260
3745
2522
8079
6029
4272
8104
9985
7897
8374
1657
8019
3758
9619
7696
5519
3325
7184
8653
7312
5615
4166
3772
7255
8029
4384
3826
8941
2713
9307
7406
4373
7017
1257
5854
5348
3801
6324
4397
3596
1640
9902
8939
2352
9652
9776
8706
7508
2205
6287
5135
7722
3540
1752
8959
2890
1643
5003
1848
4939
6399
2372
4221
9723
6689
9521
3540
2520
3412
6378
7394
6463
9258
9491
3138
6550
9638
2015
6397
7462
9317
6954
2065
6837
9340
8333
3172
5992
4587
8607
2738
9569
7393
4798
2292
6604
3257
4182
7683
5020
9929
3717
5500
4677
5621
6695
5616
8484
9171
2746
9606
2504
6094
6356
7097
4091
9506
5428
4903
8415
5818
4159
9670
3258
6836
8711
6654
7585
5785
9798
8167
7866
5763
6830
9890
6350
2970
9647
9078
1817
8401
7856
9722
1019
1814
1013
3820
2649
4274
8392
3163
8462
8675
6002
2665
4436
3507
7202
8415
2472
3840
6880
5572
7433
1007
8031
1118
1196
9555
9827
6203
1590
6625
7299
8204
8474
8810
1220
3815
4580
7862
2036
3579
4907
3746
4050
5787
3906
1027
8426
9605
7368
2113
1047
1317
5715
9275
7798
4796
9294
8205
8474
6958
8117
3005
2457
8484
7485
3609
7559
9388
6057
4093
8508
1323
8858
6507
3695
6307
6120
4923
4253
3083
8536
2927
6901
9261
9070
6053
7906
4926
3613
9385
5505
8979
9882
9655
5446
5002
4348
3375
7294
5888
4166
8664
3617
3302
6502
5141
1175
4206
2562
6544
6206
2680
2519
7296
7105
1083
1158
1229
9090
9107
5431
9941
8140
9012
2838
9987
2282
3130
2061
7579
2730
2957
1079
1621
7302
6319
4638
8069
6588
6111
5701
7841
2039
7907
8219
1992
2957
7982
7871
9036
2928
4087
2770
5397
2686
3143
8058
8112
8769
7920
2402
1143
3841
1993
1767
4700
6867
3080
1258
9402
1286
4037
7192
5576
4320
2570
4021
7360
5107
6180
8731
4263
6124
8953
4721
6872
6171
8093
4278
6273
5243
2383
7419
4463
5033
8522
2222
7461
4747
8386
8773
9092
9556
4022
5655
1439
7993
6907
5660
7692
9681
5964
4250
3805
8132
5792
9332
3803
7184
3907
8684
9293
7184
4763
8917
2685
9417
5945
4116
5238
6594
8199
6328
3506
2341
1493
5555
4760
4281
7541
7034
7915
1970
4938
7846
5549
7155
7691
1136
9831
4981
3652
7721
1410
2661
4215
8868
2244
3642
8318
5224
4832
1921
8440
6639
6566
6945
2438
5543
1071
4522
1406
7629
5525
3407
8523
5084
4746
9356
2905
5801
8641
3586
7949
7326
3197
3441
2356
3412
7843
8063
8295
2561
9453
3392
1681
6733
4629
9743
5470
2460
2788
8309
3036
3076
9160
5743
4755
6768
4647
4020
1206
9118
9595
7463
5533
9589
7363
7534
8292
3570
9786
6508
4355
5737
7063
6827
3961
2294
4449
1286
7013
3890
1326
3784
6238
6321
5813
5841
3030
8073
5009
1892
2337
5520
5827
5415
4995
7715
7290
1467
7435
3086
5126
8060
3945
7550
8566
6944
8720
3780
5893
8585
7481
6589
1025
4348
5358
4192
5795
1449
5094
3421
9635
3095
1117
2311
1934
4748
4833
6134
4351
3821
6310
1367
2474
6869
1606
8756
1526
4319
5668
2089
8916
3599
5391
4616
7548
6223
3294
8034
3883
7364
8159
5082
7318
7391
4759
5894
6376
4105
2616
5261
7238
3573
8340
5867
8874
6178
5677
2933
3338
4004
2059
6185
2677
7291
6656
6357
9370
7627
7709
9345
3136
8882
9836
6466
2488
7261
5906
9997
8077
5456
7719
5609
3705
6481
9557
7209
6305
4461
4847
4875
1338
5613
6657
5140
9132
4971
6389
6753
8585
7331
3263
2921
9251
6494
5040
1218
5463
6408
8844
8263
4837
9068
8742
2276
6579
5765
4498
4125
5625
5967
9134
1966
3446
1584
3232
1606
2710
6655
2839
3758
7158
2496
5403
4251
9856
7977
6161
6419
8988
8923
7571
8409
7126
4539
2503
1329
3237
3573
1086
1176
5887
2460
1082
1606
3971
9100
6994
5722
5642
2238
8186
1523
8845
3471
1800
5882
7509
6990
3072
7303
8185
1701
7226
3643
2588
2528
1158
8545
9778
8611
3186
8478
7815
3574
4375
5584
6334
3684
1956
3970
8225
3601
8372
8717
4357
4591
5702
9392
4177
7713
3031
6241
8108
8528
5523
8205
4169
8295
3099
7714
5267
8890
3570
9918
5298
2664
3119
6741
3015
4091
4340
9600
7166
5725
6841
6113
7365
9103
6738
9275
1192
2489
9603
6988
7628
6835
5648
8310
5292
7485
5408
8669
6408
8112
3732
7856
5824
5577
4157
3255
4913
7622
5953
8464
6039
1170
2899
2387
7777
9037
7454
9208
8164
2697
2216
2253
3264
2506
7018
2722
4686
7618
1714
2299
1244
1500
9118
8647
1219
6263
6095
7890
1265
1833
9359
5486
4870
6073
2623
2255
7664
4583
2481
9905
5721
6463
5513
8002
9588
6813
5889
7656
9433
4625
8374
6270
7296
4001
4229
7558
2281
6448
5145
9628
1711
1280
9550
4824
8995
9123
5440
2177
7195
8342
3468
4091
7696
6602
3888
1721
6580
9070
4244
9016
8213
6406
4819
1153
6699
6854
8571
5603
9725
8726
7210
5507
2272
4022
1468
8976
2030
6667
6841
5172
8468
6505
9949
6961
3738
5869
9821
3771
5879
9354
6059
8972
5051
5787
6035
1545
5830
2305
5523
5082
6086
5934
4521
9603
5436
6477
9035
9208
7013
7004
3941
4060
6805
2060
8625
4477
1542
8216
2962
9261
2732
8932
9197
6497
3088
7236
4711
6064
9232
7829
5715
7245
1544
5481
5546
5829
6435
5153
8991
9650
4900
2990
9285
9309
2268
7404
6801
2755
6974
2970
5095
4520
7369
3339
4509
2142
5387
1474
5303
7166
8747
5925
6626
8967
8564
5347
8187
6152
6247
5879
2727
3332
6902
7657
7284
9183
1299
6334
6012
8193
5967
8006
7903
3418
7474
7159
8130
1321
9045
7666
9373
6902
7730
3112
6741
5351
9891
6760
5969
5460
4074
1420
3781
9804
3932
7203
1645
6058
7940
9201
1446
5015
5987
5224
3521
9089
7358
9790
1721
6384
3144
1176
7064
7200
4087
8474
2489
6846
3221
4693
1750
4894
1180
1314
7996
1768
4145
1627
9743
4162
1938
3736
9036
2145
8005
6280
7597
5446
8664
4110
2359
9384
4651
9837
7223
8853
1187
9121
3554
7261
3116
1767
7277
4870
9592
7287
4349
6406
6641
9703
6084
1341
8260
7160
9019
6080
2230
2866
7423
9306
6233
1054
1683
5117
7044
3129
2220
3703
6895
9884
2836
9602
1925
3446
1416
9482
1020
8571
2624
4342
4293
3063
5921
5989
1881
8661
5346
4891
1136
1619
6913
1854
1071
5509
2799
4375
4570
5549
7032
6643
6739
8508
2553
7360
8701
6685
4511
4037
3167
6371
2963
1123
2897
3761
8151
8012
5240
7584
4040
4482
4970
2116
6109
5428
5556
5285
2529
3298
7408
5133
3105
8454
8962
2164
8496
5313
9706
8203
7820
3201
5447
6342
8252
3297
4204
5071
8969
2908
8637
6339
7082
3168
2546
3355
2953
6305
4671
1734
5946
5637
3019
2195
4568
6701
2148
4649
9625
4540
6668
7543
9497
7017
5375
6410
6320
9495
5488
6716
2123
4139
9938
8287
9394
5197
6484
6921
9864
5160
8543
3160
8893
8246
1849
1282
1321
4209
1494
7994
6593
2326
6684
7781
1781
5853
8049
3514
1827
3588
4142
4163
2597
2542
1156
5498
9962
1415
1225
2800
7319
5767
4779
1021
5460
5963
8710
3295
8100
9969
1112
7422
6896
8936
2737
5040
2434
3499
3939
3521
1661
8371
1052
4719
3187
5148
9331
2164
4869
7990
6678
2856
7060
6038
8281
8604
4976
2528
2410
7008
5822
8888
9958
2918
9614
3971
1049
9607
6516
2108
9338
3564
2869
8012
5393
5202
7784
8026
6598
8915
4503
4600
7167
7725
1342
3014
7115
3992
2582
2770
6706
2450
7141
7997
3386
1467
4003
4541
7854
9818
7620
7093
2694
7473
5983
1194
6960
8453
7864
8397
8585
9180
1472
8977
3592
7572
7717
1621
4761
7695
2010
4494
6062
2433
8064
5612
5740
9924
4784
6521
1669
7820
1759
5123
1462
4206
1385
9992
6393
5854
2918
4724
2397
1067
1220
5204
2106
8985
2182
2841
6445
4669
2880
5312
1701
2660
2593
1950
3497
5016
1255
9623
6791
5226
4240
6776
5585
8589
8751
7749
5737
4980
2007
4771
1535
5145
1543
7247
3352
5400
8667
7369
6437
9663
2899
6809
6496
4565
6014
5706
4584
1091
1146
4931
5078
9499
9869
1402
5327
4778
2502
6293
6870
1579
1382
7988
4550
2131
7548
5782
4223
8315
8585
9766
8493
1005
9494
5858
4289
5740
3448
3552
3997
5973
2482
6521
1785
4797
9381
1792
3465
7761
3616
4352
4594
5938
2734
4333
8571
3870
1463
6225
4140
8058
7282
7510
6167
5730
8249
9273
2344
5122
7948
1122
9658
8599
1578
5148
7636
8303
6943
8648
7210
7108
6991
8360
6427
7049
7636
3527
8345
1355
2422
4024
8318
1286
4437
6890
2550
1409
6732
1755
1613
3658
7439
3079
7596
2824
4121
5773
1399
8135
7546
5136
3391
5302
3250
4475
9595
1544
5280
1530
7848
4548
6768
4828
6460
4679
6881
6149
2393
1866
2208
1591
9722
7129
3809
5723
5408
8479
5722
9072
7082
5436
3467
7110
8233
9930
6828
8595
3025
6044
8182
3139
7338
4689
8600
8784
7335
7214
7686
4926
1281
4013
9928
5007
6027
1379
8578
1942
3748
3898
4097
5623
3397
8914
6525
3287
3199
9792
9807
8271
7510
8452
2066
3087
3662
1957
9084
3841
2583
9588
6210
6416
8571
1762
8391
4398
1886
9028
7650
2395
3221
7816
9403
5185
1774
6935
3870
2582
8716
2690
9136
3641
2885
3431
1430
4357
9056
9050
2362
9695
3643
4572
8204
4468
2990
9902
2728
7490
5038
4937
4926
4364
9726
1173
1888
2348
7802
9477
5195
1471
9676
1827
2265
8686
1447
2388
4590
8157
7595
7700
1667
9670
7176
4828
2505
5858
7469
4808
5199
4246
8160
7579
7421
1748
8708
6166
4208
4321
7459
5410
5883
9990
4409
2597
8324
6973
8679
2651
2847
5723
5590
3885
2221
4236
6138
8321
8733
5766
3258
4391
6606
9036
6625
3067
8475
7653
7573
2555
8432
3853
7851
6416
1977
4615
3668
7372
2316
5674
5476
6479
3966
8261
4452
9263
8664
9337
6739
5960
1666
8368
9948
6422
8485
2088
6331
9127
4881
7047
9217
5353
2854
7343
6840
7811
2138
2887
9278
9567
4470
7901
3132
3313
4356
8424
6589
5152
5429
6057
1472
7058
2477
2211
5075
1845
9030
2141
7950
5456
7684
7983
9919
8734
6745
3357
5620
8447
7121
5134
7094
9480
4643
8427
4458
1825
4541
9536
6328
8953
7366
5795
5247
8067
5785
8966
2471
6133
2390
8978
3072
9570
6752
2684
1532
3147
4937
1454
8844
1457
6442
1198
3865
3845
6044
3890
2356
3413
7676
6152
2426
8486
3574
1041
1304
8013
6034
4786
8997
7118
7383
6289
7785
6097
7621
9004
6495
6532
1916
1260
5452
1455
7344
5923
5996
8377
5356
6250
7016
8171
6662
4836
1168
4776
9888
6013
9329
9343
7654
6411
3861
7921
1925
7202
1991
8904
3568
2886
1007
7378
4304
8498
8649
7785
9806
4440
3492
2355
4849
3833
3002
4016
9560
9028
3970
2792
1121
3622
6738
4150
6164
8753
6694
9548
3295
7826
1610
1229
7431
4722
4262
3540
2634
3250
4733
4834
2067
6526
9910
3583
3509
8709
3367
4300
5565
5110
8291
1502
8024
6058
9535
7462
7839
3003
9657
5113
1515
4039
9683
4337
6661
8599
3799
1536
3566
2045
9743
4173
8297
1352
1243
3474
1035
5202
2566
4595
7535
6056
8882
9609
5341
4348
9924
8351
7900
3720
1902
9043
8198
5235
9186
3721
9047
6128
2641
7813
9738
2610
6794
9098
9287
2246
6228
7098
3213
4818
7240
3891
7487
6750
2124
8672
2512
1481
7137
7671
2421
8718
5003
6079
1243
2364
3190
4759
7434
7430
6036
2459
4731
3356
3687
7581
3375
9720
8851
5737
5850
9126
8049
6763
5658
3660
3408
6260
1216
6089
7530
1139
7235
1540
7354
4527
2606
8063
5128
9880
8226
8649
3252
2327
5008
5059
6344
4861
7850
7199
3230
4435
4788
2655
7310
3672
2918
5096
5916
6869
5963
7468
1913
6440
9178
6902
3837
5364
2417
2662
5786
6607
8341
1308
8074
7732
8366
3635
6654
1367
8193
3838
6503
7280
9927
9401
2725
6131
4976
8525
7566
9316
2217
1544
5069
4875
2010
2501
6034
8328
8434
7627
3670
2875
2247
2470
5952
9613
7585
9333
2256
8561
2826
5976
5622
4457
2819
4642
6100
9146
3624
5111
8257
6339
2282
9845
4989
1956
1766
7275
4917
5439
9720
3340
5629
8946
9497
6131
2156
7664
4788
3003
5185
7840
4567
6365
3218
4004
2638
5256
1049
1741
7104
1585
2633
1780
4336
3150
2055
6983
8466
4037
5109
6143
7969
6772
8196
5862
2241
8741
6357
3313
6118
7445
5719
9278
2340
2162
2360
1201
3837
5577
3786
1358
1822
7975
2988
6542
2260
1118
7995
4257
2261
3079
3651
9572
8224
2004
8202
8955
2008
8828
4577
9760
6483
6594
5170
9416
6884
6472
3132
6622
3326
3773
4437
1960
4110
1494
7701
7131
5560
1189
7213
8460
7913
7318
8654
2180
4027
3738
1623
1979
2664
6972
6863
8664
4423
9395
4513
5474
3383
5018
9844
5944
9181
1293
1870
6069
7590
8432
8430
6396
7336
5069
2656
5941
2219
4078
1040
5613
6628
7657
8003
8344
4076
9138
5992
8908
4231
5125
5572
9134
1787
2071
7814
1977
1669
3645
9442
7188
8644
7531
2918
8132
3955
5136
9399
7246
7543
8459
3911
2441
6683
2150
5317
5803
9196
1700
8563
3236
8056
4380
1368
9892
9657
8502
7782
5548
6591
9255
7043
3379
6253
6585
8987
6799
1125
2178
6947
2586
8898
2373
9975
2640
7570
5398
3548
7658
5491
3412
9392
7721
8090
9154
1787
8536
9606
5141
3458
2699
6905
5102
5623
9412
6300
9556
8749
5626
5360
3972
3794
6126
6393
1740
6406
2900
8741
7764
9372
3027
1789
2161
3609
2608
4598
2469
1612
8594
3495
3810
3314
6078
4366
4534
2243
5574
1488
3540
6229
5144
6577
4775
3690
3728
6119
2816
2028
3929
1036
5420
9132
6903
3065
1301
7610
9967
5680
1510
1749
8175
2284
7963
4876
1060
9194
8481
2602
2668
4627
6015
5764
1423
2536
9683
1435
9251
6941
9577
2965
2774
5351
2948
3939
5357
3371
8029
6917
4089
7180
3097
2775
6124
2084
1623
6410
6754
4184
4154
9546
2698
9603
3258
6289
3380
9006
6740
1004
1870
6578
4642
5037
8675
4035
9960
4875
8898
8566
9451
3328
3634
6927
1368
9022
8994
3140
4456
3797
6410
7493
5783
6991
8762
7309
6307
5735
7114
8348
5494
5740
7939
2562
3292
5114
9901
2875
9256
1218
2034
1057
5776
6344
4469
6066
1607
4618
4171
5253
7835
8661
9906
3558
8416
2719
9129
8249
9450
6904
6909
1863
5555
7136
4038
6109
6363
7887
6637
7257
4306
6819
3415
2219
3657
3666
6724
2585
4838
1104
6247
5703
4588
3061
6831
2466
2256
3682
7138
5325
9659
3499
7240
3684
8270
3501
4470
2602
3834
2330
3445
5469
3617
4108
2472
3924
2577
6586
2396
1775
4375
8154
3028
1743
3809
1030
6205
7300
1400
8861
9697
3895
2851
6004
5454
9060
4291
9212
2197
6931
4826
7215
1669
5677
7637
9320
3481
3591
3029
6328
7084
4360
8870
6864
6845
1541
2109
5632
9644
4633
7364
7782
1234
5719
3965
6794
2124
3201
8917
1130
8235
2998
9433
8534
7628
9664
5907
6073
8402
9342
7967
8869
6845
5409
5356
4230
4001
9736
4916
4123
5017
8117
4857
7398
4961
4320
9747
1688
5980
6957
8884
3596
4313
5452
4142
5880
7204
8011
3134
8347
5617
9464
3965
7428
3942
7419
9124
7628
5791
9707
6794
2636
8389
4650
6648
7726
7057
6080
4633
8767
5316
3252
8521
6248
3047
1504
6655
3434
1135
9165
9098
7939
6913
7833
4016
8122
9425
6631
5751
4224
3574
5782
5372
8685
2240
7248
3304
9122
8860
5544
4173
8053
9911
6065
7498
6513
9866
2702
9642
3841
1977
6455
7618
5389
7908
3623
8545
7345
4408
2467
3278
7176
5106
1322
8705
8051
9367
5828
8579
1578
5065
3896
8762
6406
1511
4633
5188
5020
2606
4370
4049
3481
6437
1418
4671
1733
2996
2486
7177
8394
9991
9092
6667
5625
7763
1328
3216
7844
6581
4146
2561
4953
4258
1532
1480
1630
2997
3493
5069
1059
5911
5990
9181
7613
9288
7905
4531
3908
5707
3621
1151
7494
9882
7538
6131
6381
2652
1960
1216
8891
4176
3551
1186
9057
6190
9096
8337
1162
8276
8835
2432
5591
6973
4892
4037
2397
6544
5868
5411
3019
8230
6618
7243
1266
8323
5699
5865
3272
1614
6625
4802
3207
7892
4905
9657
5887
9196
8200
3186
8547
3735
2542
9108
8611
2931
8891
6805
5897
4798
9102
7092
9519
7920
3373
4499
2256
6465
8220
3119
3085
1085
1195
9084
7935
3836
3747
3203
2353
6542
5294
5200
9079
3242
1317
5383
3589
7210
1090
8232
7942
1921
3503
7829
2285
4072
9564
3278
8779
5847
8550
4238
3451
4215
2243
5252
3566
7098
6474
4989
1609
4971
7980
1738
1440
2846
2880
8274
4198
6272
8127
8130
4635
3518
3548
1300
7562
8939
6126
2416
3568
1521
4384
8659
2412
9303
2467
5457
2168
8375
9007
7898
2619
2769
5301
9649
1837
6421
9970
6701
3439
1111
2681
7847
4477
5308
9803
8287
1710
7301
2158
2434
4633
1134
3157
8234
1288
8208
6932
6068
6122
4118
3207
