1
10
100
1000
1001
1002
1003
1004
1007
1009
1010
1013
1014
1015
1016
1018
1021
1022
1024
1025
103
1030
1031
1033
1034
1035
1036
1037
1038
1039
104
1042
1043
1044
1045
1046
1047
1048
1049
105
1050
1051
1053
1055
1056
1057
1058
106
1060
1061
1069
107
1070
1072
1074
1075
1078
108
1081
1082
1083
1084
1085
1086
1087
1089
109
1091
1092
1093
1094
1095
1096
1097
11
110
1100
1103
1104
1105
1106
1108
1109
111
1111
1113
1115
1116
1117
1119
112
1120
1121
1122
1126
1127
1129
1130
1131
1132
1134
1135
1136
1137
1138
1139
114
1141
1142
1143
1144
1147
1153
1154
1158
1159
116
1160
1161
1162
1164
1166
1167
1168
1169
1170
1171
1172
1176
1177
1179
1180
1182
1184
1186
1187
1188
119
1190
1193
1194
1195
1196
1198
120
1200
1201
1202
1205
1206
1207
1208
121
1210
1211
1212
1213
1215
122
1222
1223
1225
1226
1227
1228
1229
123
1230
1232
1234
1235
1236
1237
124
1241
1242
1243
1244
1245
1247
1249
125
1250
1251
1252
1253
1255
1256
1258
1260
1261
1263
1265
1267
1268
1269
1273
1274
1275
1277
1279
1280
1281
1282
1283
1287
1289
129
1292
1293
1294
1295
1296
1297
1298
1299
13
130
1300
1301
1302
1303
1304
1306
1307
1308
1309
1310
1311
1314
1315
1316
1318
1319
132
1321
1324
1327
1329
1330
1332
1333
1334
1339
1340
1342
1344
1346
1347
1348
1349
1350
1351
1353
1356
1357
1358
1359
136
1360
1361
1362
1364
1366
1367
1368
1369
137
1371
1372
1374
1377
1378
1379
138
1383
1384
1385
1386
1388
139
1390
1391
1394
1395
1396
1397
1398
140
1400
1401
1403
1404
1405
1406
1408
141
1411
1412
1413
1414
1415
1416
1418
1419
142
1420
1422
1424
1426
1427
1428
143
1431
1433
1434
1435
1436
1439
144
1443
1444
1445
1446
1448
1449
145
1450
1451
1452
1453
1457
1458
1459
146
1460
1462
1463
1464
1466
1467
1468
1469
147
1470
1473
1476
1477
1478
148
1480
1482
1483
1487
1489
149
1490
1491
1492
1493
1495
1497
1498
1499
15
150
1500
1501
1504
1505
1506
1507
1509
1510
1513
1516
1517
1518
1519
152
1523
1524
1526
1527
153
1534
1535
1536
1537
1538
1540
1541
1545
1546
1549
155
1552
1553
1557
1558
1560
1561
1563
1564
1566
1567
1568
1569
157
1572
1575
1576
1577
1578
1580
1582
1583
1586
1588
1589
159
1590
1593
1596
1597
1599
160
1601
1602
1603
1604
1605
1606
1607
1608
1609
1612
1614
1615
1616
1617
1618
1620
1621
1622
1623
1624
1625
1627
1629
163
1630
1631
1632
1637
1638
1639
164
1641
1642
1643
1647
1648
1649
165
1651
1652
1657
1658
1659
166
1660
1661
1662
1663
1665
1666
167
1670
1672
1673
1674
1675
1676
1677
168
1680
1683
1684
1686
1687
1691
1693
1695
1697
1699
170
1701
1702
1704
1705
1708
1709
171
1713
1715
1716
1718
1719
172
1720
1727
1728
173
1730
1731
1732
1733
1737
1738
1739
174
1740
1741
1742
1743
1744
1745
1746
175
1751
1754
1755
1756
1758
1759
1764
1767
1769
177
1770
1772
1773
1774
1775
1776
1777
1778
1779
1780
1782
1784
1785
1786
1787
1788
1789
179
1790
1791
1793
1795
1796
18
180
1800
1801
1802
1804
1805
1806
1807
1808
1809
1810
1811
1812
1813
1814
1815
1816
1818
1820
1821
1823
1825
1827
1829
183
1830
1831
1834
1838
1839
184
1840
1842
1844
1845
1847
1849
185
1851
1852
1853
1854
1855
1856
1857
1858
1859
186
1860
1864
1866
1867
1868
1869
1870
1871
1872
1873
1874
1875
1876
1877
1878
1879
188
1880
1883
1884
1885
1887
1888
1890
1891
1892
1893
1894
1895
1896
1898
1899
190
1904
1905
1906
1907
1908
1909
191
1910
1913
1915
1916
1919
1920
1921
1922
1923
1924
1926
1929
193
1931
1932
1934
1936
1937
1938
1939
194
1941
1942
1943
1944
1946
1947
1948
195
1950
1951
1955
1956
1957
1958
1959
196
1961
1962
1963
1966
1973
1974
1975
198
1981
1982
1984
1985
1987
1989
199
1990
1992
1995
1996
1997
1999
2000
2002
2008
2009
201
2012
2014
2015
2019
202
2020
2021
2022
2023
2027
203
2030
2035
2036
2037
204
2044
2045
2046
2047
2049
2050
2051
2053
2056
2057
2058
2059
2060
2062
2063
2064
2065
2066
2069
207
2070
2071
2072
2074
2075
2077
2079
208
2080
2081
2082
2085
2086
2087
2088
209
2090
2091
2092
2093
2094
2095
2097
2101
2102
2103
2105
2108
2111
2112
2114
2115
2116
2117
2118
2119
2121
2122
2123
2124
2125
2126
2128
2129
2130
2131
2135
2136
2137
2138
2139
214
2140
2141
2142
2143
2144
2145
2146
2147
2148
2149
215
2150
2152
2155
2156
2157
2158
2159
216
2160
2161
2164
2165
2167
2169
217
2170
2172
2173
2174
2178
2179
2180
2181
2184
2187
2188
2189
2190
2191
2193
2194
2196
2197
2198
2199
22
2200
2201
2202
2204
2205
2206
2207
2208
221
2210
2211
2212
2213
2214
2217
2218
222
2220
2221
2223
2225
2226
2227
2228
2229
223
2230
2231
2232
2233
2235
2236
2237
2238
2239
2241
2242
2245
2246
2247
225
2250
2251
2253
2255
2256
2257
2258
2259
226
2261
2263
2264
2265
2266
2268
227
2272
2273
2276
2278
2279
228
2280
2281
2284
2287
2288
2290
2292
2293
2295
2296
2297
2298
2299
230
2301
2302
2303
2304
2306
2307
2308
2309
231
2311
2312
2313
2316
2318
2319
2320
2321
2322
2325
2327
233
2331
2332
2333
2334
2336
2337
2338
2339
234
2341
2342
2343
2346
2348
2349
235
2352
2353
2356
2357
2358
2359
236
2361
2363
2364
2367
2368
2369
2370
2372
2373
2375
2376
2378
2379
2380
2381
2382
2383
2388
2389
2390
2391
2392
2396
2397
2398
2399
24
240
2400
2401
2402
2403
2405
2406
2408
2410
2411
2412
2413
2414
2415
2416
2418
2419
242
2420
2422
2424
2425
2426
2427
2429
243
2430
2432
2435
2436
2437
2439
244
2440
2441
2442
2443
2444
2447
2449
2450
2451
2452
2453
2456
2457
2458
2459
2460
2461
2462
2463
2464
2465
2466
2468
247
2472
2473
2474
2475
2476
2477
2478
2479
248
2480
2481
2483
2484
2485
2486
2487
2488
2489
2492
2493
2494
2496
2497
2498
2502
2503
2505
2506
2507
2509
251
2510
2511
2513
2514
2516
2518
2519
2520
2522
2523
2525
2528
253
2530
2532
2533
2534
2537
2538
254
2540
2541
2542
2544
2547
2548
255
2552
2553
2555
2557
2558
2559
256
2561
2563
2567
2569
2570
2571
2572
2573
2574
2576
2577
2578
258
2580
2584
2585
2586
2588
2590
2592
2595
2596
2597
2599
26
260
2600
2601
2602
2603
2604
2605
2609
261
2610
2612
2614
2615
2618
2620
2623
2624
2625
2626
2627
2628
2629
2630
2631
2632
2633
2634
2635
2636
2637
2641
2642
2643
2646
2648
2649
265
2650
2653
2655
2656
2657
2658
2659
2661
2664
2666
2667
2668
2671
2672
2674
2678
268
2680
2681
2682
2684
2687
2688
2689
269
2691
2692
2693
2694
2695
2697
2699
27
270
2700
2701
2702
2703
2704
2706
2708
2709
2710
2712
2715
2716
2717
2718
2720
2721
2725
2728
273
2730
2732
2733
2734
2736
2738
2739
2740
2741
2742
2745
2746
2749
2750
2751
2752
2755
2756
2758
2759
276
2761
2762
2766
2769
277
2770
2771
2772
2773
2774
2775
2776
2781
2782
2783
2785
2786
2789
279
2790
2791
2792
2793
2795
2798
2799
28
2802
2803
2804
2805
2807
2809
281
2810
2814
2815
2817
2818
282
2820
2821
2822
2823
2824
2826
2828
2829
2831
2832
2833
2834
2835
2836
2837
2839
2840
2841
2842
2843
2844
2845
2846
2847
2849
285
2850
2851
2852
2853
2854
2855
2858
2860
2862
2863
2864
2865
2866
2867
2868
2869
2870
2871
2872
2873
2876
2877
2878
2879
2880
2883
2886
2887
2889
289
2894
2895
2896
2897
2898
2899
29
290
2900
2901
2902
2905
2906
2909
2911
2913
2914
2915
2917
2918
2919
2920
2923
2925
2926
293
2930
2931
2932
2933
2934
2935
2936
2937
2938
294
2940
2941
2944
2946
2949
2950
2952
2954
2955
2956
2957
2958
2959
296
2960
2961
2962
2963
2964
2966
2968
297
2970
2971
2972
2973
2974
2976
2978
2980
2981
2982
2983
2987
2989
299
2990
2991
2994
2995
2996
2997
2999
30
300
3001
3002
3003
3005
3007
3008
3010
3011
3014
3015
3016
3017
3018
3019
3020
3021
3022
3025
3029
303
3032
3033
3034
3039
3040
3044
3045
3046
3047
3048
3049
305
3051
3053
3055
3056
3058
3061
3062
3063
3065
3066
3067
307
3070
3071
3072
3073
3078
308
3080
3081
3082
3083
3085
3086
3087
3088
3089
309
3090
3091
3093
3095
3096
3097
3098
310
3100
3101
3102
3104
3105
3108
311
3110
3111
3113
3114
3119
312
3120
3122
3123
3125
3126
3127
3128
3131
3133
3135
3136
3137
3139
314
3141
3143
3144
3146
3147
3148
3149
3151
3154
3157
3159
3160
3163
3164
3172
3173
3175
3176
3177
3179
3181
3183
3184
3185
3186
3187
3189
3190
3191
3192
3194
3197
3198
3199
32
3200
3201
3202
3204
3209
3211
3212
3216
3217
3219
322
3220
3222
3223
3225
3228
3229
323
3230
3232
3233
3234
3235
3236
3239
324
3241
3242
3243
3244
3246
3247
3248
3249
3250
3251
3252
3255
3257
3258
3259
326
3260
3261
3262
3263
3264
3265
3266
3268
3269
327
3270
3271
3272
3273
3274
3275
3276
3277
3278
3279
328
3281
3283
3284
3285
3286
3287
3289
3290
3292
3295
3296
3297
33
3301
3302
3303
3304
3305
3307
3308
3310
3311
3312
3313
3314
3315
3319
332
3320
3321
3322
3323
3324
3328
3329
3330
3332
3333
3334
3337
3338
334
3340
3341
3342
3345
3346
3347
3349
335
3350
3351
3352
3353
3354
3355
3357
3358
3359
336
3361
3362
3363
3366
3367
3369
3370
3373
3374
3375
3376
3377
3378
3379
3381
3383
3384
3385
3387
3388
3389
339
3394
3395
3398
34
3404
3405
3406
3407
3409
341
3410
3411
3412
3413
3414
3415
3416
3417
3419
342
3421
3422
3423
3425
3427
343
3431
3433
3434
3436
3438
3439
344
3440
3441
3442
3444
3445
3446
3447
3448
345
3450
3454
3455
3456
3457
3458
3461
3462
3464
3467
3468
3469
347
3470
3471
3472
3473
3476
3477
3478
3479
3480
3482
3484
3485
3486
3487
3489
349
3490
3491
3496
3499
35
350
3501
3502
3504
3506
3507
3508
3509
351
3510
3511
3512
3514
3516
3517
3518
3519
3520
3522
3523
3524
3526
3529
353
3531
3532
3533
3534
3536
3537
354
3540
3542
3543
3545
3546
355
3551
3553
3554
3555
3557
3559
356
3560
3561
3563
3564
3565
3566
3567
3568
3569
357
3571
3572
3573
3574
3576
3578
3579
3580
3583
3586
3587
3588
3589
359
3591
3593
3596
3598
3599
360
3600
3604
3605
3606
3607
3608
361
3610
3612
3613
3615
3617
3618
362
3622
3623
3624
3625
3626
3627
3628
3629
363
3631
3632
3633
3636
3637
3638
3639
364
3641
3645
3646
3649
3650
3651
3653
3654
3656
3658
366
3660
3663
3664
3665
3667
3668
3669
3671
3673
3674
3675
3677
368
3681
3682
3683
3684
3686
3689
3691
3694
3695
3698
3699
37
370
3701
3703
3704
3705
3706
3707
3708
3710
3711
3712
3716
3717
3719
372
3720
3721
3722
3723
3724
3725
3726
3727
3729
373
3730
3731
3732
3733
3734
3735
3737
374
3740
3741
3742
3745
3747
3749
375
3751
3752
3754
3757
3758
376
3761
3762
3763
3764
3765
3766
3767
3768
3771
3772
3774
3775
3776
3777
3778
378
3780
3782
3784
3787
3788
379
3791
3792
3794
3796
3797
3798
3799
38
380
3801
3803
3804
3805
3807
3808
3809
3810
3811
3812
3814
3816
3819
382
3820
3821
3822
3824
3826
3828
383
3830
3831
3832
3837
384
3841
3842
3847
3848
385
3850
3852
3854
3855
3856
3858
3860
3861
3862
3863
3864
3865
3866
3868
3869
387
3873
3874
3875
3876
3877
3878
388
3880
3882
3883
3884
3886
3887
3889
3891
3892
3895
3896
3899
39
3904
3906
3908
3909
391
3910
3911
3912
3914
3915
3916
3918
392
3922
3923
3924
3925
3926
3927
3928
3929
393
3932
3933
3934
3935
3940
3942
3943
3945
3946
3947
3948
3949
395
3950
3951
3952
3954
3956
3957
3960
3961
3963
3964
3965
3968
3969
397
3970
3971
3972
3975
3976
3977
3978
398
3980
3983
3984
3985
3986
3987
3989
3990
3991
3992
3994
3998
3999
40
4000
4001
4002
4003
4006
4009
4011
4012
4014
4016
4017
4018
402
4024
4025
4026
4027
4028
403
4030
4031
4035
4036
4038
4039
404
4040
4041
4043
4046
4048
4049
405
4051
4053
4054
4056
4058
4060
4061
4063
4064
4067
4068
4069
407
4070
4071
4072
4073
4074
4077
4078
4080
4081
4082
4084
4085
4088
409
4090
4091
4093
4094
4096
4098
41
410
4100
4104
4105
4106
4107
4108
4109
4110
4111
4112
4113
4114
4115
4116
4117
4118
4119
4121
4122
4125
4126
4127
4129
413
4131
4134
4135
4137
4138
4139
4140
4142
4143
4144
4150
4151
4152
4153
4154
4156
4157
4158
4159
416
4161
4162
4163
4164
4169
417
4171
4172
4179
4180
4185
4186
4187
4188
419
4193
4194
4196
4197
4198
42
420
4204
4205
4208
4209
4210
4213
4215
4216
4217
422
4220
4221
4222
4223
4224
4226
4227
4229
4231
4232
4233
4235
4236
4237
4238
4239
424
4240
4242
4243
4244
4245
4246
4249
425
4253
4254
4256
4257
426
4261
4262
4263
4264
4266
4268
4269
427
4270
4271
4272
4273
4274
4275
4276
4279
4280
4282
4284
4285
4287
4288
4289
429
4290
4291
4292
4293
4295
4297
4298
4299
43
4300
4302
4305
4306
4309
431
4311
4313
4314
4317
4318
4319
4321
4325
4326
4327
4328
4329
433
4330
4331
4332
4335
4336
4337
4338
4340
4343
4346
4349
4350
4351
4352
4354
4356
4357
4358
436
4362
4363
4365
4366
4367
4369
437
4370
4372
4373
4375
4378
4379
438
4380
4381
4382
4385
4387
4388
4389
4390
4392
4394
4397
4398
440
4400
4402
4403
4404
4405
4406
4408
4410
4411
4413
4416
442
4420
4421
4424
4427
4428
4430
4432
4433
4435
4438
4439
444
4441
4444
4446
4448
4449
4451
4453
4454
4455
4458
4459
446
4460
4462
4463
4465
4466
4467
4468
4469
447
4470
4471
4473
4474
4475
4476
4477
4478
4479
448
4480
4481
4482
4484
4485
4487
449
4491
4492
4493
4494
4495
4497
4499
45
4502
4503
4504
4505
4506
4507
4510
4511
4512
4513
4516
4518
4519
4520
4523
4524
4530
4531
4532
4534
4535
4536
4537
4539
4542
4543
4546
4548
4549
455
4552
4558
456
4560
4561
4562
4564
4565
4566
4573
4575
4576
4577
4578
458
4580
4581
4582
4583
4585
4588
4589
4590
4594
4595
4596
4598
4599
4600
4605
4607
4608
4609
461
4610
4613
4615
4616
4618
462
4620
4621
4622
4623
4624
4625
4626
4628
463
4632
4634
4635
4638
4639
4640
4641
4644
4645
4646
4648
4649
465
4653
4655
4656
4659
4660
4661
4662
4663
4664
4665
4667
4668
4669
4671
4672
4673
4677
4679
468
4680
4682
4683
4684
4688
4689
4691
4694
4695
4698
47
4700
4702
4703
4704
4705
4707
4708
471
4710
4712
4714
4716
4717
4718
472
4720
4721
4723
4725
4727
4728
4729
4730
4732
4735
4736
4737
4739
474
4740
4741
4742
4744
4746
4749
4750
4751
4752
4753
4755
4758
4759
4761
4762
4763
4764
4765
4766
4767
4772
4773
4774
4775
4776
4779
478
4780
4781
4782
4783
4784
4787
4789
479
4790
4793
4794
4795
4796
4797
4798
4799
48
4805
4806
4807
481
4813
4816
482
4820
4821
4822
4823
4826
4827
4828
4829
4830
4831
4832
4836
4837
4839
484
4840
4842
4846
4852
4853
4854
4855
4857
4858
4859
486
4861
4862
4863
4864
4867
4869
487
4870
4872
4875
4876
4877
488
4882
4884
4885
4888
4889
4892
4894
4895
4898
4899
49
490
4900
4902
4906
4908
4909
4911
4912
4913
4915
4917
4918
4919
492
4921
4922
4923
4924
4925
4926
4927
4930
4934
4938
4939
4941
4943
4944
4945
4946
4947
4948
495
4950
4951
4956
4957
4963
4964
4966
4967
4969
497
4970
4973
4974
4975
4976
4977
4978
4979
4980
4983
4984
4985
4987
4988
499
4993
4994
4995
4999
500
5001
5004
5005
5008
5009
501
5010
5011
5012
5015
5018
502
5020
5022
5023
5024
5025
5026
5029
503
5031
5032
5033
5035
5036
5037
5038
504
5042
5043
5044
5045
5047
5048
5050
5051
5052
5053
5054
5055
5056
5057
5058
5059
506
5061
5062
5066
5069
507
5072
5073
5074
5075
5077
5079
508
5080
5081
5083
5084
5085
5086
509
5091
5092
5093
5094
5095
5097
5098
5099
510
5102
5103
5104
5106
5107
5108
5109
511
5110
5114
5116
5117
5118
5119
512
5120
5121
5122
5123
5124
5125
5126
5127
5128
5129
5130
5131
5135
5136
5137
5138
514
5140
5142
5143
5144
5145
5148
5149
515
5150
5151
5152
5154
5155
5158
5161
5162
5163
5164
5165
5166
5167
5168
517
5170
5171
5172
5173
5174
5175
5176
5178
5179
518
5180
5181
5183
5184
5185
5188
5189
519
5190
5191
5197
5199
52
520
5202
5205
5208
5209
5210
5211
5213
5214
5215
5216
5219
5220
5221
5222
5224
5225
5226
5227
5228
523
5230
5231
5233
5234
5235
5236
5237
5239
5240
5241
5242
5243
5246
5248
5249
5250
5252
5253
5254
5255
5256
5258
5259
526
5261
5262
5264
5265
5266
5267
5268
5270
5271
5272
5276
5277
5278
5279
5280
5282
5283
5284
5285
5287
529
5290
5291
5292
5293
5294
5297
5298
5299
53
530
5300
5301
5302
5303
5305
5306
5309
5310
5311
5312
5313
5316
5317
5318
5319
5320
5321
5322
5323
5324
5325
5326
5327
5329
533
5331
5333
5334
5335
5336
5337
5338
534
5342
5345
5346
5347
5350
5351
5352
5353
5354
5356
5357
5360
5362
5363
5364
5366
5367
5368
5369
537
5370
5371
5372
5373
5375
5377
5379
538
5380
5381
5382
5383
5384
5385
5390
5391
5393
5394
5395
5396
5397
5399
54
5400
5401
5402
5403
5404
5408
5409
5411
5412
5413
5415
5418
5419
5421
5423
5425
5427
5428
5429
543
5431
5432
5433
5435
5436
5438
544
5440
5443
5444
5446
5447
5449
545
5450
5451
5452
5453
5454
5455
5457
5458
5460
5461
5462
5463
5464
5465
5466
5467
5472
5473
5474
5476
5478
548
5480
5481
5483
5484
5485
5486
5487
5488
5489
5490
5491
5492
5494
5496
5497
55
550
5501
5503
5504
5505
5507
5508
5509
551
5511
5513
5514
5515
5516
5517
5518
5520
5521
5522
5524
5525
5527
5528
5529
553
5530
5531
5532
5533
5536
5537
5539
554
5541
5542
5544
5545
5546
555
5553
5554
5555
5556
5558
5559
556
5561
5562
5563
5565
5567
5568
5569
557
5571
5573
5574
5575
5576
5577
5578
5579
558
5580
5583
5585
5587
5588
5589
559
5594
5595
5596
5597
5598
5599
5600
5602
5605
5606
5607
5608
5609
5612
5613
5614
5617
5618
5620
5621
5623
5629
5630
5632
5634
5635
5636
5637
5638
5639
5642
5644
5645
5648
565
5650
5651
5652
5653
5655
5656
5657
5658
5659
566
5660
5663
5664
5666
5667
5668
5669
567
5670
5671
5672
5673
5674
5675
5676
5678
5679
568
5680
5681
5682
5683
5685
5687
5688
569
5690
5692
5693
5694
5696
5699
57
570
5700
5701
5702
5705
5706
5707
5709
571
5710
5711
5713
5717
5718
5719
572
5723
5724
5725
5726
5728
5729
5731
5733
5734
5735
5736
5737
574
5740
5741
5742
5743
5744
5745
5746
5747
5749
575
5750
5752
5753
5754
5755
5756
5757
5758
576
5760
5762
5763
5764
5765
5766
5767
5770
5773
5775
5776
5777
5778
578
5780
5781
5782
5785
5788
579
5790
5791
5792
5793
5795
5798
5799
580
5801
5803
5805
5806
5808
5809
581
5812
5813
5815
5816
5817
5818
5822
5823
5825
5827
5828
5829
583
5830
5831
5834
5835
5838
5839
584
5842
5844
5845
5846
5847
5849
585
5852
5853
5859
5861
5863
5864
5866
5867
5868
5869
587
5870
5871
5873
5875
5876
5878
5879
588
5880
5881
5882
5883
5884
5885
5887
5889
589
5890
5891
5892
5893
5896
5898
59
5900
5902
5903
5904
5905
5906
5907
5908
5909
5910
5912
5914
5915
5917
5918
5922
5923
5927
5928
5929
5930
5931
5932
5933
5934
5935
5937
5940
5942
5944
5945
5948
595
5951
5954
5957
5958
5959
596
5960
5961
5962
5964
5966
5969
5973
5974
5975
5976
5979
5980
5982
5983
5984
5987
5989
5990
5991
5992
5993
5994
5995
5996
5997
5998
6
6001
6002
6003
6004
6005
6007
6008
6009
6011
6012
6014
6016
6018
6019
6020
6021
6022
6024
6025
6027
6028
6029
603
6033
6034
6036
6039
604
6041
6042
6045
6047
6048
6050
6052
6054
6055
606
6060
6061
6062
6064
6065
6066
6067
6068
6071
6072
6074
6075
6076
6077
608
6080
6081
6085
6086
6087
6088
609
6090
6092
6094
6095
6096
6098
61
6105
6106
6107
6109
6110
6112
6114
6117
6119
612
6120
6121
6124
6125
6127
6128
6129
6130
6131
6132
6133
6134
6137
6138
6140
6142
6143
6144
6145
6146
6147
6148
6150
6151
6153
6154
6157
6158
616
6160
6162
6163
6164
6165
6166
6167
6168
6169
6172
6173
6174
6175
6178
6179
6181
6182
6183
6184
6185
6186
6188
6189
619
6191
6192
6193
6198
62
6200
6203
6207
6209
621
6210
6211
6215
6216
6218
6219
622
6220
6223
6224
6225
6227
6228
6230
6231
6233
6236
6240
6242
6243
6244
6245
6247
6248
625
6251
6252
6253
6255
6257
6258
6260
6262
6263
6265
6266
6267
6268
6269
627
6270
6271
6272
6273
6275
6278
628
6281
6282
6286
6288
6289
629
6290
6291
6292
6295
6296
6298
6299
6300
6301
6302
6303
6305
6307
6308
6309
631
6310
6314
6315
6317
6321
6324
6329
633
6332
6334
6335
6336
6337
634
6343
6344
6348
6349
635
6351
6353
6358
6359
6361
6362
6365
6366
6367
6369
6372
6374
6377
6378
638
6380
6381
6382
6383
6384
6385
6386
6387
639
6392
6394
6396
6397
6398
64
640
6402
6404
6405
6406
6407
6408
6409
641
6410
6411
6412
6413
6414
6415
6416
6417
6418
6419
642
6420
6422
6424
6426
6428
6429
6430
6431
6432
6439
644
6440
6441
6442
6445
6447
6448
6451
6452
6454
6455
6456
6459
646
6460
6461
6465
6467
6469
6471
6473
6474
6475
6478
6481
6482
6483
6484
6486
649
6493
6494
6495
6496
6497
6498
6499
65
650
6502
6503
6504
6508
6509
651
6510
6512
6514
6515
6516
6519
652
6521
6523
6525
6528
6529
653
6530
6531
6533
6534
6535
6536
6537
6538
6539
654
6542
6543
6544
6546
6547
6548
6550
6553
6556
6557
6558
6559
6560
6561
6562
6564
6566
6569
657
6572
6574
6575
6577
6578
658
6580
6581
6583
6584
6585
6587
659
6591
6593
6594
6597
6598
6599
660
6601
6602
6603
6604
6606
6608
6609
6610
6611
6612
6614
6615
6617
6618
6620
6622
6623
6624
6625
6627
6628
6629
663
6630
6631
6632
6633
6634
6636
6639
664
6640
6644
6645
6648
6649
665
6650
6652
6654
6655
6657
6658
6659
666
6660
6661
6662
6664
6665
6666
6667
6668
6670
6671
6673
6674
6675
6676
6677
6678
6679
668
6682
6684
6685
6686
6687
6689
669
6690
6691
6692
6694
6695
6698
67
670
6700
6701
6702
6705
6707
6708
671
6710
6711
6713
6714
6715
6716
6717
6718
6719
6720
6722
6723
6724
6725
6727
6729
6730
6734
6736
6737
674
6740
6741
6744
6745
6746
6747
6750
6751
6755
6756
6758
6759
676
6760
6761
6762
6763
6765
6766
6768
677
6770
6771
6773
6775
6776
6777
6778
6779
678
6780
6781
6782
6783
6785
6786
6788
6789
679
6790
6791
6792
6793
6794
6796
6797
6798
6802
6803
6804
6805
6806
6807
681
6812
6815
6816
6817
6823
6824
6825
6828
6829
6831
6832
6833
6834
6835
6836
6840
6844
6845
6849
685
6850
6851
6855
6856
6857
686
6860
6862
6864
6866
6868
6869
6870
6871
6872
6873
6874
6875
6876
6877
6879
6880
6881
6882
6884
6887
6889
689
6891
6892
6893
6894
6895
6899
69
6900
6901
6902
6903
6904
6905
6906
6908
6909
6910
6912
6914
6915
6916
6917
6919
692
6920
6921
6923
6926
6928
693
6931
6932
6933
6935
6936
6937
694
6940
6942
6946
6947
6949
695
6950
6951
6953
6954
6955
6958
6959
696
6960
6961
6962
6963
6964
697
6970
6971
6972
6974
6976
6977
6979
6981
6982
6983
6985
6987
6991
6992
6994
6996
6997
6998
6999
7
70
700
7000
7001
7002
7003
7005
7008
701
7011
7012
7013
7014
7016
7017
7018
7019
7020
7021
7022
7023
7024
7026
7028
703
7031
7032
7035
7037
7038
7039
704
7040
7042
7043
7048
7049
7050
7053
7054
7055
7058
7059
706
7060
7061
7062
7063
7064
7068
707
7072
7073
7074
7075
7076
7077
7078
7079
7080
7081
7082
7084
7086
7087
7088
7089
7091
7092
7093
7094
7095
7098
7099
71
7100
7101
7104
7105
7108
7109
711
7111
7112
7114
7117
7118
7119
712
7120
7121
7122
7125
7126
7127
713
7130
7131
7136
7137
7138
7139
714
7141
7142
7144
7145
7146
7147
7148
715
7150
7153
7156
7157
7158
716
7160
7161
7162
7163
7164
7166
7169
717
7172
7173
7174
7176
7177
7179
7181
7182
7183
7184
7188
7189
719
7190
7191
7194
7195
7196
7197
7198
7199
720
7201
7203
7205
7207
721
7211
7212
7213
7214
7215
7217
7219
7221
7222
7223
7225
7226
7227
7228
7229
723
7230
7231
7233
7235
7236
7237
7239
724
7240
7242
7244
7245
7246
7247
7249
725
7253
7255
7256
7257
7259
726
7260
7262
7263
7264
7265
7266
7268
727
7271
7274
7275
7278
7279
7280
7282
7283
7284
7289
729
7290
7291
7292
7293
7294
7298
73
730
7300
7301
7303
7304
7305
7307
7308
731
7310
7311
7313
7314
7316
7317
7319
732
7321
7322
7323
7324
7325
7327
7328
7329
733
7332
7334
7335
7336
7337
7339
734
7340
7341
7343
7344
7345
7346
7348
7349
7351
7353
7355
7358
7359
7360
7362
7363
7364
7367
737
7371
7374
7375
7376
7377
738
7382
7383
7385
7386
7388
7389
739
7390
7391
7392
7393
7396
7397
74
740
7400
7401
7404
7407
7408
741
7410
7413
7415
7416
7417
7418
7419
742
7420
7421
7424
7425
7426
7427
7429
7431
7432
7434
7436
7439
744
7441
7443
7444
7446
7447
7448
745
7453
7454
7457
7458
7459
746
7460
7461
7464
7466
7467
7469
747
7470
7471
7472
7473
7474
7476
7477
748
7480
7481
7482
7483
7484
7486
7487
7488
749
7490
7492
7494
7495
7496
7498
7499
75
750
7500
7501
7502
7503
7505
7508
7509
751
7510
7511
7512
7514
7515
7516
7517
7518
7521
7522
7525
7526
7527
7533
7535
7536
7537
7538
7539
754
7540
7543
7544
7545
7546
7548
7549
7550
7551
7553
7554
7555
7556
7557
7559
756
7561
7562
7563
7564
7566
7567
7568
757
7570
7571
7572
7573
7577
7578
7581
7584
7586
7587
7588
7590
7591
7593
7596
7597
76
760
7600
7602
7605
7607
7608
761
7610
7611
7613
7615
7619
762
7620
7621
7622
7623
7624
7625
7627
7628
7629
763
7630
7631
7632
7633
7635
7636
7640
7641
7643
7644
7645
7647
7649
765
7650
7651
7652
7653
7654
7655
7657
7658
7659
766
7661
7662
7663
7664
7665
7666
7671
7672
7673
7676
7679
768
7680
7681
7682
7684
7687
7690
7691
7695
7697
7698
7699
77
770
7701
7702
7703
7705
7707
7708
771
7710
7711
7712
7713
7714
7715
7717
7719
772
7721
7723
7724
7725
7727
7728
7729
773
7730
7731
7732
7733
7734
7738
7739
774
7740
7744
7745
7746
7747
7748
7752
7755
7758
776
7760
7766
7768
7770
7771
7773
7774
7776
7777
7778
7779
778
7780
7782
7784
7786
7787
7788
7789
779
7792
7793
7794
7797
7798
78
780
7800
7801
7802
7803
7804
7805
7806
7807
7809
781
7811
7814
7816
7817
7818
7819
782
7821
7822
7823
7827
7828
7829
783
7830
7833
7835
7839
7841
7843
7844
7848
7849
785
7850
7851
7853
7854
7856
7858
786
7861
7862
7863
7864
7865
7866
7867
787
7870
7872
7874
7876
7878
7879
788
7883
7884
7885
7887
7888
789
7890
7891
7896
7898
790
7900
7901
7905
7906
7907
791
7910
7912
7914
7916
7917
7918
7919
7920
7922
7923
7924
7925
7926
7927
7929
793
7930
7931
7932
7936
7937
7939
794
7940
7941
7944
7945
7946
7947
7948
7949
795
7951
7952
7953
7954
7955
7956
7957
7959
7960
7961
7962
7963
7964
7967
7968
7969
7970
7971
7972
7973
7974
7976
7977
7978
7979
798
7982
7983
7985
7987
7989
799
7990
7991
7993
7995
7996
7997
8
80
800
8002
8003
8004
8005
8006
8008
8009
801
8011
8012
8013
8014
8016
8017
8018
8019
802
8022
8023
8024
8025
8026
8028
8029
803
8030
8031
8032
8034
8035
8039
804
8041
8042
8044
8045
8047
8050
8051
8052
8053
8058
8059
806
8060
8061
8063
8064
8065
8067
8068
8069
807
8071
8072
8074
8075
8078
8082
8086
8088
8089
8094
8095
8096
81
810
8101
8104
8105
8107
811
8110
8111
8113
8115
8117
8118
8119
812
8120
8124
8126
8127
813
8130
8133
8134
8135
8136
8137
8138
8139
814
8141
8143
8144
8146
815
8150
8151
8153
8156
8157
8158
8159
816
8160
8161
8162
8165
8166
8167
8168
8169
817
8170
8178
818
8180
8181
8183
8184
8185
8189
819
8190
8192
8194
8195
8196
8197
8198
8199
820
8200
8202
8203
8204
8205
8206
8207
8208
821
8211
8212
8213
8214
8216
8217
8218
8219
8220
8223
8224
8225
8226
8228
8229
8230
8231
8233
8235
8237
8239
8240
8241
8247
8248
825
8250
8253
8254
8255
8256
8259
8260
8261
8262
8263
8264
8265
8267
8268
8269
827
8270
8272
8274
8275
8277
828
8281
8282
8283
8284
8286
8287
8288
8290
8291
8292
8293
8294
8295
8296
8298
83
830
8300
8301
8302
8303
8304
8305
8306
8307
8308
8309
831
8310
8312
8313
8314
8315
8316
8317
8320
8321
8322
8324
8325
8326
8327
8328
8329
8330
8331
8332
8334
8336
8337
8340
8341
8342
8343
8344
8348
8349
8350
8352
8353
8354
8355
8356
8357
8358
8359
836
8360
8361
8362
8363
8365
8367
8368
8369
837
8370
8371
8372
8373
8374
8375
8376
8377
8378
8379
8381
8382
8384
8387
8388
8389
8392
8393
8394
8395
8396
8398
8399
84
8400
8401
8402
8403
8404
8405
8406
8407
8408
8409
841
8410
8411
8414
8415
8417
8419
8420
8421
8426
8427
8429
843
8430
8431
8432
8433
8434
8436
8439
8440
8441
8443
8445
8448
8449
845
8450
8451
8452
8453
8454
8455
8456
846
8461
8466
8468
8469
847
8470
8471
8472
8473
8474
8476
8477
8478
8479
848
8480
8481
8482
8483
8484
8485
8487
8488
849
8490
8491
8492
8493
8494
8495
8498
8499
85
850
8500
8501
8502
8503
8505
8506
8507
8508
8510
8512
8513
8514
8515
8516
8517
8519
852
8520
8521
8522
8524
8525
8526
8527
8528
8529
853
8532
8533
8535
8536
8540
8541
8542
8544
8545
8546
8548
8549
8550
8552
8553
8554
8556
8557
8559
856
8560
8561
8562
8563
8564
8565
8567
8568
8569
857
8571
8572
8573
8575
8576
8578
858
8580
8581
8584
8585
8588
8589
8590
8591
8593
8594
8595
8596
860
8600
8601
8602
8603
8604
8605
8608
8609
861
8611
8612
8613
8614
8615
8619
8620
8621
8624
8626
8627
8628
8629
8632
8634
8635
8636
8637
8638
8639
8642
8644
8645
8646
8647
8648
865
8650
8651
8653
8654
8657
8658
8659
866
8662
8663
8664
8665
8666
8668
867
8671
8677
8678
8679
868
8680
8682
8683
8685
8686
8687
8688
869
8691
8694
8697
8698
8699
87
8700
8701
8702
8703
8704
8705
8706
8707
8709
871
8710
8713
8714
8715
8716
8717
872
8721
8722
8723
8724
8725
8726
8727
8728
8730
8731
8732
8733
8735
8736
874
8740
8741
8742
8745
8747
8748
8749
875
8750
8751
8752
8753
8757
8759
8760
8761
8763
8764
8766
8769
877
8772
8774
8775
8777
8778
8779
8780
8781
8782
8783
8784
8787
8788
8790
8793
8794
8795
8796
8797
8798
880
8800
8802
8803
8804
8807
8808
8809
8810
8812
8815
8817
8818
882
8820
8821
8822
8824
8828
8829
883
8834
8836
8837
884
8841
8846
8848
885
8850
8853
8854
8855
8858
8859
886
8860
8861
8864
8865
8866
8867
887
8870
8871
8872
8875
8877
8878
888
8880
8885
8886
8888
8889
889
8891
8892
8893
8894
8896
8898
89
8901
8902
8904
8907
891
8910
8913
8915
8916
8917
8918
8919
892
8920
8922
8923
8924
8926
8927
8928
893
8932
8933
8935
8937
8938
8939
894
8940
8942
8943
8945
8946
8950
8951
8953
8957
8958
896
8960
8963
8964
8965
8967
8968
8969
897
8970
8971
8972
8973
8974
8976
8977
8978
8979
898
8980
8983
8985
8986
8987
8988
8989
899
8991
8994
8995
8996
8997
8998
8999
9
90
9001
9002
9004
9005
9007
9008
9009
901
9013
9014
9017
9018
9019
902
9021
9022
9023
9024
9025
9026
9029
903
9032
9034
9035
9036
9037
9039
9041
9042
9043
9045
9046
9048
9050
9051
9052
9053
9054
9055
9056
9057
9060
9061
9062
9063
9064
9067
9068
9069
9070
9071
9072
9073
9076
9080
9081
9084
9085
9086
9087
9088
909
9092
9098
91
910
9100
9101
9103
9105
9106
9108
9109
911
9111
9112
9113
9115
9116
9118
9119
9121
9122
9127
9129
9132
9134
9136
9139
914
9140
9142
9143
9144
9145
9146
9147
9148
9149
915
9151
9152
9154
9155
9156
9159
9161
9162
9163
9165
9166
9167
9168
9170
9172
9173
9174
9175
9176
9177
9178
9182
9185
9186
9188
9189
9190
9191
9192
9193
9194
9195
9196
9197
9198
92
920
9202
9204
9208
9210
9211
9213
9215
9217
9220
9223
9229
923
9230
9231
9233
9234
9235
9236
9237
9238
9239
9241
9244
9245
9246
9247
9248
9249
925
9250
9251
9253
9254
9258
9259
926
9260
9261
9263
9265
9266
9267
9268
9269
927
9272
9273
9274
9275
9276
9277
9278
9279
928
9281
9285
9286
9288
9289
9290
9291
9294
9295
9296
9297
9298
9299
930
9300
9302
9304
9306
9307
9308
9309
931
9311
9312
9313
9314
9315
9316
932
9320
9323
9324
9326
9327
9329
9330
9332
9333
9334
9335
9338
934
9340
9343
9344
9345
9347
935
9350
9351
9355
9356
9358
9359
936
9362
9363
9365
9366
9369
937
9371
9372
9373
9374
9376
9377
9378
9379
938
9382
9384
9385
9386
9388
9389
9390
9391
9392
9395
9396
9397
9399
940
9401
9403
9405
9407
9408
9409
941
9411
9412
9413
9415
9417
9418
942
9421
9422
9424
9426
9427
9428
9429
9431
9432
9433
9434
9437
9438
944
9443
9444
9445
9447
945
9451
9455
9456
9457
9458
946
9460
9463
9465
9468
9469
947
9470
9473
9474
9475
9476
9478
9479
948
9483
9486
9488
9489
949
9491
9492
9493
9498
950
9500
9501
9502
9506
9507
9508
9509
951
9510
9511
9512
9513
9515
9516
9517
9518
9519
9520
9521
9522
9523
9524
9525
9526
9527
9528
953
9530
9531
9533
9534
9535
9536
9539
954
9540
9541
9543
9544
9545
9546
9547
9552
9553
9555
9557
9558
9559
956
9561
9562
9563
9568
957
9570
9571
9572
9574
9577
9579
958
9580
9581
9583
9584
9585
9587
9589
9590
9592
9593
9594
9596
9597
9598
96
960
9600
9601
9602
9604
9608
9611
9615
9618
9619
9620
9622
9623
9625
9626
9627
9628
9629
963
9630
9631
9633
9635
9636
9637
9638
964
9640
9641
9642
9643
9645
9646
9647
9649
965
9651
9652
9653
9654
9656
9658
9659
966
9660
9662
9663
9668
967
9670
9673
9674
9675
9677
9678
9679
968
9680
9683
9684
9685
9686
9687
9688
9690
9691
9695
9696
9697
9698
9699
9700
9701
9702
9704
9705
9707
9708
9709
971
9710
9711
9714
9715
9716
9718
9719
972
9720
9723
9724
9725
9728
9729
973
9730
9732
9735
9736
9738
9739
9740
9741
9742
9744
9745
9747
975
9753
9756
9757
9758
9759
9760
9763
9765
9767
9770
9772
9774
9775
9776
9777
9778
9779
9780
9781
9784
9785
9786
9787
9789
979
9792
9794
9795
9796
9797
9798
98
980
9800
9804
9805
9806
9807
9808
981
9810
9811
9812
9813
9816
9818
9819
9821
9822
9823
9824
9826
9828
9829
983
9830
9833
9835
9838
9840
9842
9844
9845
9847
9848
985
9852
9855
9856
9857
9859
9862
9863
9864
9867
9868
9869
987
9871
9872
9873
9874
9877
9879
988
9880
9881
9882
9884
9886
9889
989
9890
9891
9892
9894
9895
9897
9898
9899
99
9901
9902
9904
9905
9908
9909
991
9910
9912
9913
9914
9916
9917
9919
9920
9924
9925
9928
9929
993
9930
9933
9934
9936
9938
9939
994
9941
9944
9945
9947
9948
9949
9953
9954
9955
9956
9957
9963
9964
9966
9967
9968
9969
997
9970
9972
9973
9974
9975
9976
9977
9978
9979
998
9980
9981
9983
9985
9986
9987
9988
9989
999
9990
9993
9994
9995
9996
9997
9999
