5000
1002
1004
1005
1007
1008
1009
1011
1013
1014
1015
1017
1018
1019
1020
1021
1024
1025
1027
1028
1030
1031
1032
1033
1035
1036
1037
1040
1041
1044
1045
1047
1049
1050
1051
1052
1053
1054
1056
1057
1059
1060
1066
1067
1068
1069
1071
1072
1073
1075
1076
1079
1080
1082
1083
1084
1085
1086
1087
1088
1090
1091
1094
1096
1098
1102
1103
1104
1105
1106
1107
1110
1111
1112
1115
1117
1118
1119
1121
1122
1123
1125
1128
1130
1134
1135
1136
1137
1138
1139
1141
1142
1143
1146
1148
1149
1150
1151
1153
1155
1156
1157
1158
1159
1160
1161
1162
1164
1165
1167
1168
1170
1171
1173
1174
1175
1176
1177
1179
1180
1181
1183
1184
1186
1187
1189
1191
1192
1194
1195
1196
1197
1198
1199
1200
1201
1202
1203
1204
1205
1206
1207
1210
1213
1216
1217
1218
1219
1220
1224
1225
1226
1229
1230
1233
1234
1236
1239
1241
1242
1243
1244
1245
1247
1248
1251
1253
1255
1257
1258
1259
1260
1261
1262
1264
1265
1266
1267
1270
1271
1272
1273
1275
1277
1280
1281
1282
1283
1284
1286
1287
1288
1293
1294
1296
1297
1298
1299
1300
1301
1302
1303
1304
1307
1308
1310
1311
1312
1313
1314
1315
1317
1318
1321
1322
1323
1325
1326
1327
1328
1329
1333
1335
1337
1338
1340
1341
1342
1345
1347
1348
1350
1351
1352
1353
1355
1357
1358
1359
1360
1361
1363
1364
1367
1368
1371
1372
1375
1378
1379
1380
1382
1383
1384
1385
1389
1390
1391
1392
1395
1396
1397
1398
1399
1400
1401
1402
1404
1406
1408
1409
1410
1412
1413
1415
1416
1418
1420
1422
1423
1424
1426
1428
1429
1430
1431
1433
1434
1435
1436
1437
1438
1439
1440
1444
1446
1447
1449
1450
1452
1454
1455
1457
1458
1460
1461
1462
1463
1465
1467
1468
1469
1471
1472
1473
1474
1475
1480
1481
1482
1483
1488
1490
1492
1493
1494
1497
1499
1500
1502
1503
1504
1506
1507
1508
1510
1511
1515
1517
1519
1520
1521
1522
1523
1524
1526
1530
1532
1534
1535
1536
1539
1540
1541
1542
1543
1544
1545
1546
1553
1554
1555
1556
1557
1558
1559
1560
1561
1562
1563
1564
1567
1568
1570
1573
1574
1575
1577
1578
1579
1580
1582
1583
1584
1585
1587
1588
1590
1591
1593
1595
1598
1602
1603
1604
1606
1607
1608
1609
1610
1611
1612
1613
1614
1619
1620
1621
1622
1623
1624
1625
1627
1630
1635
1638
1640
1643
1645
1646
1647
1649
1652
1653
1655
1656
1657
1660
1661
1662
1663
1664
1666
1667
1668
1669
1671
1673
1676
1677
1678
1679
1680
1681
1683
1684
1686
1687
1688
1691
1694
1697
1698
1699
1700
1701
1705
1706
1707
1708
1710
1711
1712
1714
1717
1718
1719
1720
1721
1722
1723
1724
1725
1728
1731
1733
1734
1737
1738
1739
1740
1741
1742
1743
1744
1746
1747
1748
1749
1750
1752
1753
1754
1755
1757
1759
1760
1761
1762
1764
1766
1767
1768
1770
1771
1774
1775
1776
1780
1781
1783
1784
1785
1787
1789
1790
1792
1794
1795
1796
1797
1798
1799
1800
1801
1807
1809
1810
1812
1814
1815
1816
1817
1819
1821
1822
1825
1826
1827
1830
1832
1833
1834
1835
1837
1838
1844
1845
1846
1848
1849
1851
1852
1854
1856
1857
1858
1859
1861
1863
1865
1866
1867
1868
1869
1870
1871
1872
1875
1880
1881
1883
1884
1885
1886
1888
1889
1891
1892
1896
1898
1899
1901
1902
1903
1904
1906
1909
1911
1912
1913
1914
1915
1916
1918
1919
1921
1923
1925
1926
1927
1928
1931
1932
1933
1934
1935
1937
1938
1941
1942
1943
1944
1947
1949
1950
1951
1952
1954
1955
1956
1957
1958
1960
1961
1962
1963
1966
1967
1968
1970
1971
1972
1973
1974
1975
1977
1978
1979
1985
1990
1991
1992
1993
1994
1999
2000
2001
2003
2004
2007
2008
2009
2010
2011
2012
2013
2015
2018
2019
2021
2023
2026
2027
2028
2029
2030
2031
2034
2036
2039
2040
2041
2044
2045
2047
2049
2052
2055
2056
2057
2058
2059
2060
2061
2062
2063
2064
2065
2066
2067
2068
2071
2072
2078
2079
2080
2082
2084
2088
2089
2093
2095
2098
2099
2102
2104
2106
2108
2109
2110
2111
2112
2113
2116
2117
2118
2123
2124
2125
2130
2131
2132
2133
2134
2135
2137
2138
2139
2140
2141
2142
2144
2145
2147
2148
2150
2152
2153
2155
2156
2157
2158
2159
2160
2161
2162
2163
2164
2165
2166
2167
2168
2169
2170
2171
2172
2174
2177
2178
2180
2182
2183
2189
2190
2192
2193
2195
2196
2197
2199
2202
2204
2205
2206
2208
2211
2213
2214
2216
2217
2219
2220
2221
2222
2224
2226
2230
2231
2232
2233
2234
2236
2238
2239
2240
2241
2242
2243
2244
2246
2247
2248
2250
2252
2253
2255
2256
2257
2258
2259
2260
2261
2265
2266
2268
2269
2270
2272
2274
2275
2276
2279
2281
2282
2284
2285
2289
2290
2291
2292
2294
2295
2297
2299
2300
2303
2304
2305
2308
2309
2310
2311
2313
2315
2316
2317
2322
2323
2326
2327
2328
2330
2331
2332
2333
2334
2335
2336
2337
2338
2340
2341
2343
2344
2345
2348
2352
2353
2354
2355
2356
2358
2359
2360
2361
2362
2363
2364
2370
2371
2372
2373
2374
2376
2377
2378
2380
2382
2383
2385
2387
2388
2389
2390
2391
2393
2394
2395
2396
2397
2398
2399
2400
2402
2404
2405
2406
2407
2408
2409
2410
2411
2412
2413
2415
2416
2417
2418
2419
2420
2421
2422
2425
2426
2428
2429
2432
2433
2434
2438
2439
2441
2442
2443
2444
2445
2447
2448
2449
2450
2452
2453
2455
2457
2458
2459
2460
2462
2463
2464
2465
2466
2467
2468
2469
2470
2471
2472
2473
2474
2475
2476
2477
2479
2481
2482
2483
2484
2486
2488
2489
2491
2496
2497
2499
2501
2502
2503
2504
2505
2506
2507
2512
2515
2517
2518
2519
2520
2522
2524
2525
2526
2527
2528
2529
2531
2533
2534
2535
2536
2537
2538
2539
2540
2541
2542
2543
2546
2547
2550
2552
2553
2555
2558
2561
2562
2563
2564
2565
2566
2569
2570
2571
2572
2573
2574
2575
2577
2579
2580
2581
2582
2583
2584
2585
2586
2587
2588
2590
2591
2592
2593
2594
2595
2596
2597
2601
2602
2605
2606
2607
2608
2609
2610
2611
2612
2614
2615
2616
2617
2618
2619
2623
2624
2626
2627
2629
2630
2633
2634
2635
2636
2638
2640
2641
2642
2643
2647
2648
2649
2650
2651
2652
2653
2654
2655
2656
2660
2661
2662
2664
2665
2666
2668
2669
2671
2673
2676
2677
2678
2679
2680
2681
2684
2685
2686
2687
2688
2690
2692
2693
2694
2695
2697
2698
2699
2700
2702
2703
2704
2708
2709
2710
2711
2712
2713
2715
2719
2722
2723
2725
2727
2728
2730
2731
2732
2734
2737
2738
2739
2740
2741
2742
2743
2746
2749
2752
2754
2755
2756
2757
2758
2759
2760
2761
2762
2763
2764
2765
2766
2767
2769
2770
2772
2773
2774
2775
2777
2778
2781
2783
2784
2786
2788
2792
2794
2795
2796
2797
2799
2800
2801
2802
2803
2804
2807
2808
2809
2810
2811
2812
2813
2814
2816
2818
2819
2820
2821
2822
2823
2824
2825
2826
2828
2832
2835
2836
2837
2838
2839
2840
2841
2842
2846
2847
2849
2850
2851
2853
2854
2855
2856
2857
2859
2866
2867
2868
2869
2872
2873
2875
2876
2877
2878
2879
2880
2881
2882
2883
2885
2886
2887
2889
2890
2891
2893
2895
2896
2897
2899
2900
2901
2902
2903
2904
2905
2908
2909
2911
2912
2913
2914
2915
2916
2917
2918
2919
2920
2921
2922
2923
2926
2927
2928
2931
2933
2934
2938
2939
2940
2941
2943
2944
2946
2948
2952
2953
2954
2956
2957
2958
2959
2960
2961
2962
2963
2964
2965
2966
2967
2968
2969
2970
2971
2972
2974
2977
2979
2980
2981
2982
2984
2988
2990
2991
2993
2996
2997
2998
3002
3003
3005
3006
3007
3008
3009
3011
3014
3015
3016
3018
3019
3020
3022
3024
3025
3027
3028
3029
3030
3031
3032
3036
3038
3043
3045
3047
3049
3054
3055
3059
3061
3063
3065
3067
3069
3071
3072
3075
3076
3077
3079
3080
3083
3084
3085
3086
3087
3088
3093
3094
3095
3096
3097
3099
3101
3102
3103
3104
3105
3106
3107
3108
3109
3111
3112
3114
3115
3116
3117
3118
3119
3122
3123
3126
3128
3129
3130
3132
3134
3135
3136
3137
3138
3139
3140
3141
3142
3143
3144
3145
3146
3147
3148
3150
3151
3152
3153
3157
3158
3159
3160
3162
3163
3164
3166
3167
3168
3169
3172
3173
3177
3180
3183
3186
3187
3188
3190
3193
3197
3198
3199
3201
3203
3206
3207
3209
3211
3213
3214
3215
3216
3218
3219
3220
3221
3222
3223
3225
3226
3229
3230
3231
3232
3233
3234
3235
3236
3237
3238
3239
3242
3243
3244
3246
3247
3248
3250
3251
3252
3254
3255
3256
3257
3258
3259
3260
3261
3262
3263
3264
3265
3267
3268
3270
3272
3275
3278
3281
3282
3284
3285
3286
3287
3288
3289
3291
3292
3293
3294
3295
3296
3297
3298
3301
3302
3303
3304
3306
3307
3309
3311
3312
3313
3314
3315
3316
3317
3319
3320
3321
3322
3324
3325
3326
3327
3328
3331
3332
3333
3334
3335
3338
3339
3340
3342
3343
3344
3348
3349
3352
3353
3355
3356
3357
3360
3362
3364
3367
3368
3370
3371
3372
3373
3375
3376
3377
3378
3379
3380
3383
3384
3385
3386
3391
3392
3393
3394
3397
3399
3402
3403
3404
3407
3408
3409
3410
3412
3413
3415
3416
3418
3420
3421
3422
3424
3426
3428
3430
3431
3433
3434
3437
3439
3440
3441
3443
3444
3445
3446
3447
3448
3450
3451
3452
3453
3455
3456
3458
3459
3460
3461
3462
3463
3464
3465
3467
3468
3469
3471
3474
3475
3477
3478
3481
3485
3489
3490
3492
3493
3495
3496
3497
3498
3499
3500
3501
3503
3505
3506
3507
3508
3509
3510
3511
3513
3514
3515
3516
3517
3518
3519
3521
3523
3525
3527
3533
3534
3535
3536
3537
3540
3541
3543
3545
3546
3547
3548
3550
3551
3552
3553
3554
3555
3557
3558
3559
3561
3563
3564
3566
3568
3569
3570
3571
3573
3574
3575
3576
3578
3579
3581
3582
3583
3586
3587
3588
3589
3590
3591
3592
3594
3596
3597
3599
3601
3603
3604
3606
3607
3608
3609
3612
3613
3614
3615
3616
3617
3620
3621
3622
3623
3624
3629
3630
3631
3633
3634
3635
3636
3640
3641
3642
3643
3644
3645
3646
3649
3650
3651
3652
3654
3655
3656
3657
3658
3659
3660
3661
3662
3666
3668
3670
3671
3672
3673
3676
3678
3679
3680
3681
3682
3683
3684
3685
3687
3688
3689
3690
3693
3694
3695
3697
3698
3700
3701
3702
3703
3704
3705
3707
3708
3710
3715
3717
3718
3719
3720
3721
3726
3727
3728
3729
3731
3732
3734
3735
3736
3738
3741
3743
3745
3746
3747
3748
3751
3752
3756
3757
3758
3759
3761
3762
3764
3765
3767
3768
3769
3771
3772
3773
3775
3780
3781
3782
3783
3784
3785
3786
3790
3791
3792
3794
3795
3796
3797
3798
3799
3801
3802
3803
3805
3806
3809
3810
3812
3814
3815
3816
3817
3820
3821
3822
3823
3824
3825
3826
3828
3830
3831
3833
3834
3836
3837
3838
3840
3841
3845
3847
3850
3851
3853
3855
3856
3859
3860
3861
3862
3863
3865
3866
3867
3868
3869
3870
3872
3873
3874
3878
3879
3880
3881
3883
3884
3885
3886
3887
3888
3889
3890
3891
3892
3893
3895
3896
3898
3900
3902
3906
3907
3908
3909
3910
3911
3913
3917
3919
3920
3921
3923
3924
3927
3928
3929
3930
3932
3933
3934
3935
3936
3937
3938
3939
3940
3941
3942
3944
3945
3946
3947
3949
3951
3955
3956
3957
3958
3961
3964
3965
3966
3967
3968
3969
3970
3971
3972
3974
3975
3976
3977
3978
3983
3984
3985
3988
3989
3991
3992
3994
3995
3996
3997
3998
4000
4001
4003
4004
4005
4009
4010
4011
4013
4016
4017
4018
4020
4021
4022
4023
4024
4027
4028
4030
4035
4036
4037
4038
4039
4040
4043
4044
4045
4047
4048
4049
4050
4051
4053
4059
4060
4063
4065
4067
4068
4069
4072
4073
4074
4076
4078
4079
4080
4084
4085
4086
4087
4089
4090
4091
4092
4093
4095
4097
4098
4101
4102
4103
4104
4105
4106
4108
4110
4111
4112
4114
4115
4116
4117
4118
4119
4121
4123
4125
4127
4128
4129
4130
4131
4132
4135
4136
4139
4140
4142
4143
4145
4146
4147
4148
4149
4150
4152
4154
4155
4156
4157
4158
4159
4162
4163
4164
4165
4166
4167
4168
4169
4171
4172
4173
4174
4176
4177
4178
4179
4180
4181
4182
4184
4185
4186
4187
4188
4189
4190
4191
4192
4194
4195
4196
4198
4199
4201
4202
4204
4205
4206
4208
4209
4210
4213
4214
4215
4216
4217
4219
4220
4221
4223
4224
4227
4229
4230
4231
4232
4233
4234
4235
4236
4238
4240
4242
4244
4245
4246
4248
4249
4250
4251
4252
4253
4256
4257
4258
4261
4262
4263
4264
4265
4268
4269
4272
4273
4274
4275
4276
4278
4281
4283
4285
4287
4288
4289
4291
4293
4296
4298
4300
4301
4304
4305
4306
4309
4310
4313
4316
4318
4319
4320
4321
4322
4323
4325
4326
4327
4329
4330
4333
4336
4337
4339
4340
4341
4342
4344
4345
4346
4348
4349
4351
4352
4355
4356
4357
4358
4359
4360
4361
4362
4364
4365
4366
4368
4369
4370
4371
4372
4373
4374
4375
4376
4377
4378
4379
4380
4383
4384
4385
4386
4387
4390
4391
4392
4393
4395
4396
4397
4398
4399
4400
4402
4404
4405
4407
4408
4409
4410
4412
4413
4414
4415
4417
4418
4420
4423
4424
4425
4428
4431
4432
4433
4435
4436
4437
4438
4440
4441
4442
4446
4448
4449
4450
4451
4452
4454
4455
4456
4457
4458
4460
4461
4462
4463
4464
4468
4469
4470
4472
4473
4475
4477
4479
4482
4483
4486
4487
4490
4491
4492
4493
4494
4495
4497
4498
4499
4502
4503
4507
4509
4510
4511
4512
4513
4517
4520
4521
4522
4523
4524
4525
4526
4527
4529
4530
4531
4534
4535
4536
4538
4539
4540
4541
4542
4544
4545
4546
4548
4549
4550
4552
4553
4555
4557
4559
4560
4561
4562
4565
4567
4568
4570
4571
4572
4575
4576
4577
4578
4579
4580
4583
4584
4587
4588
4590
4591
4593
4594
4595
4596
4597
4598
4600
4604
4605
4608
4609
4610
4613
4614
4615
4616
4618
4619
4623
4624
4625
4627
4628
4629
4632
4633
4634
4635
4637
4638
4639
4640
4641
4642
4643
4644
4647
4649
4650
4651
4652
4655
4657
4658
4660
4663
4667
4668
4669
4670
4671
4672
4674
4675
4676
4677
4679
4681
4682
4683
4685
4686
4687
4688
4689
4690
4693
4694
4695
4697
4700
4702
4706
4707
4709
4711
4713
4715
4716
4717
4719
4721
4722
4724
4727
4729
4730
4731
4732
4733
4734
4735
4736
4738
4739
4740
4741
4742
4745
4746
4747
4748
4749
4751
4752
4753
4754
4755
4756
4758
4759
4760
4761
4762
4763
4764
4765
4766
4771
4772
4774
4775
4776
4778
4779
4780
4782
4784
4785
4786
4787
4788
4789
4790
4792
4794
4795
4796
4797
4798
4799
4802
4803
4805
4806
4807
4808
4809
4810
4811
4813
4816
4818
4819
4820
4822
4823
4824
4825
4826
4828
4829
4830
4832
4833
4834
4836
4837
4838
4842
4844
4845
4846
4847
4849
4853
4856
4857
4860
4861
4862
4866
4869
4870
4874
4875
4876
4878
4879
4881
4882
4883
4885
4886
4890
4891
4892
4893
4894
4896
4897
4898
4899
4900
4901
4902
4903
4905
4906
4907
4908
4910
4911
4912
4913
4915
4916
4917
4920
4922
4923
4924
4925
4926
4929
4930
4931
4932
4934
4935
4936
4937
4938
4939
4940
4941
4942
4943
4945
4951
4953
4954
4956
4957
4959
4961
4962
4966
4967
4968
4969
4970
4971
4973
4974
4975
4976
4977
4979
4980
4981
4982
4983
4987
4988
4989
4990
4992
4993
4995
4996
4997
4999
5001
5002
5003
5007
5008
5009
5010
5012
5013
5014
5015
5016
5017
5018
5019
5020
5023
5024
5025
5027
5031
5032
5033
5034
5035
5036
5037
5038
5039
5040
5041
5042
5045
5047
5049
5051
5053
5057
5059
5060
5061
5063
5065
5066
5068
5069
5070
5071
5073
5075
5078
5082
5084
5085
5087
5088
5089
5093
5094
5095
5096
5097
5098
5099
5100
5101
5102
5105
5106
5107
5108
5109
5110
5111
5112
5113
5114
5115
5117
5119
5121
5122
5123
5124
5125
5126
5127
5128
5129
5130
5132
5133
5134
5135
5136
5140
5141
5143
5144
5145
5146
5148
5149
5150
5151
5152
5153
5156
5157
5158
5159
5160
5162
5163
5167
5169
5170
5172
5174
5177
5178
5179
5180
5183
5185
5186
5187
5188
5189
5191
5192
5194
5195
5196
5197
5199
5200
5201
5202
5204
5205
5206
5207
5212
5213
5219
5220
5221
5222
5224
5225
5226
5227
5230
5231
5233
5234
5235
5236
5238
5239
5240
5241
5242
5243
5245
5247
5249
5250
5252
5253
5254
5255
5256
5257
5258
5259
5260
5261
5262
5263
5264
5266
5267
5268
5273
5276
5277
5279
5280
5281
5283
5285
5286
5289
5292
5294
5295
5298
5299
5300
5301
5302
5303
5304
5306
5308
5310
5312
5313
5314
5315
5316
5317
5318
5319
5320
5321
5322
5323
5324
5325
5327
5328
5331
5332
5333
5335
5336
5337
5341
5342
5344
5345
5346
5347
5348
5351
5353
5354
5356
5357
5358
5359
5360
5361
5362
5363
5364
5365
5366
5367
5369
5371
5372
5373
5374
5375
5377
5379
5380
5381
5383
5384
5385
5386
5387
5388
5389
5390
5391
5392
5393
5395
5397
5398
5400
5401
5403
5408
5409
5410
5411
5413
5415
5416
5417
5418
5419
5420
5421
5422
5424
5426
5427
5428
5429
5430
5431
5432
5433
5434
5435
5436
5439
5440
5442
5444
5445
5446
5447
5448
5449
5450
5451
5452
5453
5454
5455
5456
5457
5458
5459
5460
5461
5463
5464
5465
5466
5468
5469
5470
5471
5472
5473
5474
5476
5480
5481
5484
5485
5486
5487
5488
5489
5491
5492
5494
5496
5497
5498
5499
5500
5501
5502
5503
5505
5506
5507
5508
5509
5510
5511
5513
5514
5516
5517
5518
5519
5520
5521
5522
5523
5525
5527
5530
5531
5532
5533
5534
5536
5537
5538
5540
5543
5544
5546
5547
5548
5549
5550
5551
5555
5556
5559
5560
5562
5565
5567
5569
5570
5572
5574
5576
5577
5578
5582
5583
5584
5585
5586
5587
5589
5590
5591
5592
5593
5594
5595
5597
5598
5599
5603
5604
5605
5606
5607
5608
5609
5611
5612
5613
5614
5615
5616
5617
5620
5621
5622
5623
5624
5625
5626
5628
5629
5630
5631
5632
5634
5635
5637
5638
5640
5641
5642
5644
5646
5647
5648
5650
5651
5652
5653
5655
5656
5657
5658
5660
5661
5663
5666
5668
5669
5672
5674
5676
5677
5678
5679
5680
5681
5688
5689
5691
5693
5696
5697
5699
5700
5701
5702
5703
5704
5705
5706
5707
5709
5711
5714
5715
5717
5718
5719
5721
5722
5723
5724
5725
5727
5728
5729
5730
5735
5736
5737
5739
5740
5741
5742
5743
5745
5748
5749
5750
5751
5757
5760
5761
5762
5763
5764
5765
5766
5767
5769
5770
5773
5776
5777
5781
5782
5783
5784
5785
5786
5787
5788
5790
5791
5792
5793
5795
5796
5799
5801
5803
5804
5806
5808
5812
5813
5814
5815
5816
5817
5818
5820
5822
5824
5825
5826
5827
5828
5829
5830
5831
5832
5835
5836
5838
5839
5840
5841
5842
5845
5846
5847
5848
5849
5850
5851
5852
5853
5854
5856
5857
5858
5859
5860
5862
5865
5867
5868
5869
5870
5872
5875
5876
5878
5879
5880
5881
5882
5883
5885
5886
5887
5888
5889
5891
5892
5893
5894
5895
5896
5897
5898
5899
5900
5901
5902
5903
5905
5906
5907
5908
5909
5911
5912
5913
5915
5916
5917
5919
5921
5923
5924
5925
5927
5928
5929
5930
5931
5932
5934
5938
5939
5940
5941
5942
5944
5945
5946
5952
5953
5954
5956
5957
5958
5960
5961
5963
5964
5965
5967
5968
5969
5973
5974
5975
5976
5977
5979
5980
5981
5982
5983
5985
5987
5988
5989
5990
5992
5996
5999
6000
6001
6002
6004
6009
6012
6013
6014
6015
6017
6018
6019
6023
6026
6027
6028
6029
6031
6032
6034
6035
6036
6038
6039
6043
6044
6045
6047
6048
6049
6050
6053
6054
6056
6057
6058
6059
6060
6062
6064
6065
6066
6067
6068
6069
6070
6072
6073
6074
6076
6077
6078
6079
6080
6081
6083
6084
6085
6086
6087
6088
6089
6090
6092
6093
6094
6095
6096
6097
6100
6101
6103
6109
6110
6111
6112
6113
6115
6116
6118
6119
6120
6121
6122
6124
6126
6127
6128
6131
6133
6134
6136
6137
6138
6139
6140
6141
6142
6143
6147
6149
6152
6157
6160
6161
6162
6163
6164
6166
6167
6168
6170
6171
6173
6176
6178
6179
6180
6181
6182
6184
6185
6189
6190
6191
6192
6194
6195
6196
6197
6198
6203
6204
6205
6206
6207
6208
6210
6211
6212
6214
6215
6216
6217
6218
6219
6223
6225
6226
6228
6229
6230
6231
6232
6233
6234
6237
6238
6241
6242
6246
6247
6248
6249
6250
6253
6254
6259
6260
6262
6263
6265
6269
6270
6272
6273
6274
6276
6278
6280
6281
6282
6287
6289
6291
6293
6295
6296
6297
6298
6299
6300
6302
6303
6305
6306
6307
6309
6310
6313
6314
6315
6316
6318
6319
6320
6321
6323
6324
6328
6329
6331
6332
6333
6334
6337
6338
6339
6342
6344
6346
6347
6349
6350
6352
6353
6355
6356
6357
6362
6363
6365
6367
6370
6371
6374
6375
6376
6377
6378
6380
6381
6383
6384
6385
6386
6389
6390
6392
6393
6394
6395
6396
6397
6398
6399
6400
6401
6405
6406
6407
6408
6409
6410
6411
6413
6414
6415
6416
6418
6419
6421
6422
6423
6424
6425
6426
6427
6428
6430
6431
6435
6436
6437
6438
6439
6440
6442
6443
6444
6445
6446
6447
6448
6449
6451
6452
6455
6456
6459
6460
6461
6463
6464
6465
6466
6469
6470
6471
6472
6474
6475
6476
6477
6478
6479
6480
6481
6483
6484
6485
6487
6492
6493
6494
6495
6496
6497
6498
6499
6501
6502
6503
6504
6505
6507
6508
6510
6511
6512
6513
6514
6516
6517
6518
6519
6520
6521
6522
6523
6524
6525
6526
6528
6529
6532
6533
6534
6536
6538
6540
6542
6544
6545
6546
6547
6548
6549
6550
6551
6552
6554
6555
6556
6557
6562
6565
6566
6568
6569
6570
6571
6573
6574
6577
6578
6579
6580
6581
6583
6584
6585
6586
6587
6588
6589
6591
6592
6593
6594
6595
6596
6598
6600
6602
6604
6606
6607
6608
6609
6610
6612
6614
6615
6616
6617
6618
6622
6623
6625
6626
6628
6631
6632
6634
6636
6637
6639
6640
6641
6643
6644
6646
6647
6648
6652
6653
6654
6655
6656
6657
6659
6661
6662
6663
6667
6668
6670
6672
6677
6678
6679
6680
6681
6682
6683
6684
6685
6686
6687
6689
6690
6693
6694
6695
6696
6697
6699
6701
6702
6703
6705
6706
6707
6708
6709
6710
6712
6714
6716
6717
6718
6719
6721
6722
6724
6725
6726
6727
6728
6729
6730
6731
6732
6733
6737
6738
6739
6740
6741
6743
6745
6747
6750
6751
6752
6753
6754
6756
6758
6759
6760
6761
6762
6763
6764
6765
6767
6768
6769
6770
6772
6776
6777
6779
6783
6785
6786
6789
6790
6791
6792
6793
6794
6796
6797
6799
6801
6802
6803
6804
6805
6807
6808
6809
6811
6812
6813
6814
6815
6817
6819
6820
6821
6823
6824
6825
6826
6827
6828
6829
6830
6831
6832
6835
6836
6837
6840
6841
6843
6845
6846
6847
6850
6851
6852
6853
6854
6857
6859
6862
6863
6864
6865
6866
6867
6869
6870
6872
6873
6874
6875
6880
6881
6883
6884
6885
6886
6887
6889
6890
6892
6895
6896
6898
6901
6902
6903
6904
6905
6907
6908
6909
6912
6913
6914
6915
6917
6920
6921
6922
6924
6926
6927
6929
6930
6931
6932
6933
6934
6935
6936
6937
6938
6939
6940
6941
6942
6943
6944
6945
6947
6948
6949
6952
6954
6956
6957
6958
6959
6960
6961
6963
6964
6965
6966
6968
6971
6972
6973
6974
6977
6981
6983
6985
6987
6988
6989
6990
6991
6992
6993
6994
6996
6997
6999
7000
7001
7002
7004
7005
7006
7008
7009
7011
7012
7013
7016
7017
7018
7021
7023
7027
7028
7029
7030
7031
7032
7033
7034
7038
7040
7043
7044
7045
7046
7047
7048
7049
7050
7051
7052
7057
7058
7060
7063
7064
7065
7066
7068
7069
7070
7071
7072
7075
7077
7078
7081
7082
7083
7084
7086
7088
7089
7091
7092
7093
7094
7095
7096
7097
7098
7099
7101
7104
7105
7108
7110
7111
7112
7114
7115
7117
7118
7121
7122
7124
7126
7129
7130
7131
7134
7136
7137
7138
7139
7140
7141
7143
7144
7145
7147
7151
7155
7156
7158
7159
7160
7162
7166
7167
7168
7170
7171
7173
7175
7176
7177
7178
7179
7180
7182
7184
7187
7188
7192
7194
7195
7196
7197
7198
7199
7200
7201
7202
7203
7204
7205
7206
7209
7210
7212
7213
7214
7215
7217
7220
7221
7223
7226
7228
7231
7234
7235
7236
7237
7238
7239
7240
7241
7242
7243
7245
7246
7247
7248
7250
7252
7253
7255
7256
7257
7260
7261
7264
7266
7268
7270
7274
7275
7276
7277
7280
7281
7282
7284
7285
7286
7287
7289
7290
7291
7292
7294
7295
7296
7298
7299
7300
7301
7302
7303
7306
7307
7308
7309
7310
7311
7312
7314
7316
7318
7319
7320
7326
7327
7328
7329
7331
7332
7335
7336
7338
7339
7340
7341
7343
7344
7345
7346
7347
7348
7349
7352
7354
7356
7357
7358
7359
7360
7361
7363
7364
7365
7366
7367
7368
7369
7370
7372
7373
7374
7377
7378
7381
7383
7388
7391
7392
7393
7394
7395
7397
7398
7399
7403
7404
7405
7406
7408
7409
7410
7415
7416
7418
7419
7420
7421
7422
7423
7424
7426
7427
7428
7429
7430
7431
7433
7434
7435
7436
7437
7439
7441
7443
7444
7445
7449
7450
7451
7452
7454
7455
7458
7459
7460
7461
7462
7463
7465
7466
7468
7469
7470
7471
7473
7474
7475
7476
7477
7480
7481
7483
7485
7486
7487
7489
7490
7491
7492
7493
7494
7495
7496
7497
7498
7500
7502
7504
7505
7506
7507
7508
7509
7510
7512
7513
7514
7515
7516
7519
7520
7522
7526
7527
7528
7530
7531
7532
7534
7535
7538
7539
7541
7543
7544
7545
7546
7548
7549
7550
7553
7554
7556
7557
7558
7559
7560
7562
7566
7569
7570
7571
7572
7573
7574
7575
7576
7577
7579
7581
7582
7584
7585
7587
7588
7590
7591
7593
7595
7596
7597
7598
7599
7600
7602
7606
7607
7610
7613
7614
7615
7616
7618
7619
7620
7621
7622
7623
7624
7627
7628
7629
7633
7634
7635
7636
7637
7643
7645
7646
7647
7648
7649
7650
7651
7653
7654
7656
7657
7658
7660
7662
7664
7666
7668
7670
7671
7673
7676
7679
7681
7682
7683
7684
7685
7686
7690
7691
7692
7694
7695
7696
7698
7699
7700
7701
7704
7705
7706
7709
7712
7713
7714
7715
7717
7718
7719
7720
7721
7722
7724
7725
7726
7728
7729
7730
7731
7732
7734
7735
7736
7738
7739
7742
7744
7745
7746
7747
7748
7749
7750
7751
7752
7754
7756
7757
7758
7761
7762
7763
7764
7765
7767
7768
7774
7775
7776
7777
7778
7780
7781
7782
7783
7784
7785
7786
7787
7788
7789
7792
7793
7796
7797
7798
7799
7800
7801
7802
7803
7804
7805
7808
7809
7811
7812
7813
7814
7815
7816
7819
7820
7821
7822
7824
7825
7826
7827
7828
7829
7831
7832
7833
7834
7835
7836
7837
7838
7839
7840
7841
7843
7844
7845
7846
7847
7848
7850
7851
7852
7854
7855
7856
7857
7859
7860
7861
7862
7864
7865
7866
7867
7868
7869
7871
7873
7874
7875
7876
7877
7878
7879
7881
7882
7884
7887
7888
7889
7890
7892
7894
7895
7896
7897
7898
7899
7900
7901
7902
7903
7904
7905
7906
7907
7908
7909
7910
7911
7912
7913
7915
7917
7920
7921
7922
7923
7924
7927
7931
7932
7933
7935
7936
7939
7940
7941
7942
7943
7946
7947
7948
7949
7950
7951
7953
7954
7958
7961
7962
7963
7967
7969
7971
7972
7973
7974
7975
7976
7977
7979
7980
7982
7983
7985
7987
7988
7989
7990
7991
7992
7993
7994
7995
7996
7997
7998
8001
8002
8003
8005
8006
8007
8008
8010
8011
8012
8013
8016
8019
8020
8021
8024
8026
8028
8029
8031
8032
8033
8034
8035
8037
8040
8042
8044
8046
8049
8050
8051
8052
8053
8054
8055
8056
8058
8059
8060
8061
8063
8064
8066
8067
8068
8069
8070
8072
8073
8074
8077
8079
8080
8082
8083
8084
8085
8087
8089
8090
8091
8092
8093
8094
8095
8098
8099
8100
8101
8103
8104
8107
8108
8109
8110
8111
8112
8113
8115
8117
8119
8120
8121
8122
8124
8127
8128
8129
8130
8132
8134
8135
8136
8140
8142
8144
8147
8150
8151
8154
8157
8158
8159
8160
8161
8162
8163
8164
8165
8167
8171
8172
8174
8175
8178
8179
8180
8181
8182
8185
8186
8187
8188
8190
8192
8193
8194
8195
8196
8197
8198
8199
8200
8202
8203
8204
8205
8207
8208
8211
8212
8213
8214
8216
8218
8219
8220
8224
8225
8226
8229
8230
8232
8233
8234
8235
8239
8245
8246
8247
8248
8249
8251
8252
8256
8257
8258
8259
8260
8261
8263
8265
8268
8270
8271
8272
8273
8274
8275
8276
8281
8284
8285
8286
8287
8288
8289
8291
8292
8293
8294
8295
8297
8298
8299
8302
8303
8306
8309
8310
8312
8313
8315
8317
8318
8320
8321
8323
8324
8326
8327
8328
8329
8331
8332
8333
8334
8335
8337
8338
8340
8341
8342
8343
8344
8345
8347
8348
8349
8351
8354
8357
8360
8361
8362
8366
8368
8369
8370
8371
8372
8373
8374
8375
8377
8378
8379
8380
8383
8384
8385
8386
8387
8389
8391
8392
8393
8394
8395
8397
8401
8402
8404
8406
8407
8409
8410
8413
8415
8416
8417
8420
8422
8423
8424
8425
8426
8427
8428
8429
8430
8431
8432
8434
8438
8439
8440
8441
8442
8443
8444
8445
