1000
462337950
238890187
974522026
448240349
617044519
72224483
430245695
643327711
535608910
846117286
429296551
716300526
522760266
290806299
827707884
210812079
918710336
211116960
647653319
846375053
454230483
927238221
200617020
252073122
873873119
85921870
98800338
128439655
581941778
209637079
401153269
821676577
200347505
510078466
407543919
510785201
694302618
546910169
450180074
658785606
383727074
431228508
52355301
232073707
583833100
475247827
770627407
100372468
450438918
968804222
558307763
992511855
102048892
252245430
952055187
658193738
620141236
58238313
430717487
969002286
464832247
449510555
888443650
461394410
893002028
730868020
140809212
720821470
24197083
347223037
799658834
407864240
508139710
400366623
379944725
530566322
860125194
337379803
113619330
818257236
782421999
128498975
244403607
252665437
176658921
35640897
909701753
135772755
222015397
26760799
181980430
893515722
88491824
809564951
404920984
795930823
533720524
108283190
359908970
934640737
953045153
469579774
806444493
319309455
25927903
255520942
939992176
468428526
334778374
311458403
57708378
276545626
945634643
924435254
159543165
901584380
965433234
736548075
62580864
753465936
37409989
331361837
491843148
170558474
534801175
389397952
14183999
190794399
298974264
310391917
385482120
811123072
872170316
447183531
134705228
210936826
321488004
695076987
361414746
415600466
530851397
622530423
614976766
968100942
670016216
697879540
828719872
170523423
162229692
937364474
605694027
189837375
572175729
863904528
635288457
714963211
221283041
454307144
821280002
511863406
422917752
508804448
603435612
984511283
75875909
74494224
420212535
200579285
786191197
179504323
189436494
942658567
735070908
858746312
470120472
349513033
11903082
245426987
167316072
881849768
373104885
711028681
374239388
877231560
120180781
86111417
47281291
283301944
832885490
564451307
262573299
276600841
325272262
290629664
195230461
800971444
384583083
276739269
175742451
743793980
146701017
258613005
546811367
614416722
999175052
3335542
54927210
510585993
748073081
265485621
866679995
978326087
44888732
737656334
971522312
889952643
437904562
356082688
329185630
738202704
285000222
272254042
138016488
892189164
415324935
340453650
580516838
234267475
214072254
953257976
345740221
935268683
783306101
597943476
353746743
313906962
868723990
326343669
468580118
868249030
951625308
379490451
548857284
105189451
214096407
605604586
250155718
959650929
680580675
869439866
127092623
386280150
157347860
330221716
56453971
216741622
103548808
737506220
573510882
207910510
454277260
364505257
264470002
267100930
696460094
21985757
726452733
322833153
832751671
689540691
346068724
245875922
990252824
391327927
653389678
822398329
500118417
187389853
439602735
964907369
203642213
520498697
237687175
26570565
504927721
932212988
495068968
79886979
484188579
998374974
67798262
198732557
713814102
446827128
292063227
304481535
932124604
195487028
637114329
835758218
503551553
694600379
923176730
936687926
49447515
578312422
699518391
260621036
290855946
71402567
890290238
420680200
497395984
496457477
79012571
356068204
858232534
457523284
374525225
483075308
287266671
150537874
779696324
761736079
452463798
304170865
285619473
164821453
497638721
593523926
135227488
751372608
197798552
97495527
765835058
662140173
586585765
48866470
37346916
636322025
565462906
246132959
269223749
613028185
955144089
461786161
642324116
52551913
563091447
121395230
744646361
190095198
68814994
959981282
830981978
530003989
855920917
32855440
164630417
838323994
878430187
302070334
433512220
411034546
627961615
333756281
267954445
657030998
128260295
982006722
648082676
528566071
514052174
769339970
256249510
608198092
958075351
890241279
210599235
926413218
215791899
767607271
959313306
769595870
644343833
8706725
885692588
850091195
997928166
76796596
932138354
253136060
113216570
262345999
536112379
901570987
800580611
378051432
307295091
634906698
484840772
794344165
630126637
162928977
440541306
103955021
771500086
402277181
944589879
85547031
975193693
335366860
545828686
959268539
686731254
606331914
500814529
968898785
884997596
699142291
167271896
752586240
487134851
891670525
109613640
67767823
520380222
788344816
999903739
762740416
909103491
178840125
561790587
29810854
713374887
882991252
551303475
43260211
169239555
162052274
575361926
974270333
558757705
504021864
524339477
682659051
729064232
531173668
188072076
608217381
881704401
756354640
516982742
58118961
383896488
6134257
880391761
92598227
351227709
470279832
770893431
374172541
790815982
282984158
529340146
743379226
979922619
754214474
310791331
461901042
354361854
582927641
329952789
28705653
483448005
804105582
920748478
562312661
923648707
505320338
57672984
117114303
218281216
293911845
851629088
343617754
639304649
72787537
332652278
766009987
52405932
156002549
199974855
777926554
674874623
557595375
179632823
134873064
725187558
298967828
873063303
55581601
27167546
856098701
376189268
540631628
388026131
949555903
686484
713622346
214948583
630947400
885342160
775873654
139564158
326784312
625156338
559275661
536604831
189004309
576110647
633682754
458873599
611693925
537317021
197364662
254104027
407475816
422740019
317192446
591965068
725477771
538129726
864616118
962348479
646194212
248123092
744847581
899978994
326170654
543820016
735438456
160780909
746987212
547046437
35724995
26284850
654492205
57879160
822447903
463173760
758759691
91615761
135079530
872263071
836628271
623760228
160508102
877951028
683668434
879611291
811428093
700625419
761921730
990999730
335884778
312037200
64747575
761976946
619044504
928194382
609021709
247268392
52918965
564193089
211284878
160710897
260309021
997807036
73222704
78973184
604968372
515688149
641339980
484962485
674800350
836679539
285798733
202698770
137524339
80662971
555970562
357941681
228324112
676820238
570487440
377144257
567662704
38606074
9792351
994783578
73973505
227979310
93394854
358924693
439020286
706091751
30908909
395967196
983762945
368355091
480144292
904068211
54661401
97579960
801310209
163056690
31827603
541874091
367741664
86267361
41000400
340648595
556394826
833461493
821019900
255182421
585611138
420716542
731973461
146777614
518235182
482766452
396898691
555547367
216615682
894681598
669173561
623456486
72645203
652422810
390320011
587014335
446903781
894596968
212873501
38119722
826205235
404478738
680424943
87775543
994363426
108720571
697961215
818446188
660813186
15662652
717238202
555334833
923067497
328336817
995857054
760702732
92788444
78096981
582755451
579916713
48299412
952384359
574166828
114710595
644099867
470152267
772909859
129524640
677152634
28058895
180155233
301872556
635559349
68275945
401125083
993040044
682622445
491630970
466877973
840054734
74868464
839450600
856978535
749705941
954776318
260197231
153935078
722032064
849086084
322977529
278289116
417518922
929915385
468214913
311731498
532089575
161028072
806861595
927267647
490343346
680170108
899920109
976172344
392022137
915993851
94851371
692164971
801380751
242056501
725769114
625490905
681529466
598367059
144607604
574470048
326423668
925421385
543674236
967230152
802795654
592133920
508000085
412029106
998503138
149467348
168950513
406407558
830489035
726724319
359110335
46999950
882161059
46395589
575316822
61164554
39034193
291000154
7599161
698055073
822522872
44592939
307999619
759611362
924980871
961742199
236715050
235951504
796197454
344236232
158618417
418532837
760563855
253412763
93200567
147430111
890129541
898851479
895897839
490668627
881883137
180205295
42252418
468881025
538169870
829767078
806952068
125815611
793599260
290937516
89392574
619918235
600344657
990052702
426030411
150181173
425612488
844506882
202714280
963014066
813996279
405410714
764668719
162362608
43062406
807075972
838905486
44362016
344165861
888702418
414839273
477155960
664622898
604600267
30487315
579996137
137332408
286695515
494200092
135280544
450709813
229691328
997336250
620441650
390815508
533261869
632932499
630641673
900336034
84649298
532292495
791212002
621514239
331551406
446330222
24115536
924547822
856199871
669948635
320784729
390142396
576248230
803999372
909935067
53165840
290333915
754458095
801716812
581439757
214255209
388513012
105795514
222553364
617117060
196987946
981835458
484842455
830215747
842688808
728050359
167937785
519132538
842000325
852568183
735276863
469060401
846895885
761070644
531179714
744942915
901366576
337686867
339091000
340445104
838837674
140530400
899390305
653574989
512232484
29405283
189705189
50373734
581292399
920705732
712746099
661314941
979579657
453165149
401680850
640913402
314555778
551966584
306098494
89940577
874628038
82033341
881880551
952612003
959333577
890928286
428416514
713318530
840520439
988560349
223597372
358115746
411784445
388498389
369376599
706430763
40893550
840227188
149043451
646655262
986634498
638135865
899310812
982583536
179026521
262883625
24867668
277713657
467916325
920164585
873063500
999035270
352259879
508972580
772266291
42719827
588030728
67777964
100572947
995908726
984865988
490821895
777087624
935835551
274416290
353959441
773602775
278706137
872234770
210400023
677601878
131190361
717654202
948829923
572046111
964781277
452688811
980623598
769616382
596828954
335457922
140461752
133671117
949211526
791073506
447895560
702943256
156328285
181198327
618373610
554647260
246075803
373565864
924283144
692778999
197603182
673306607
540516376
545647286
75054906
933163749
238296379
776917451
799824698
53609497
478051146
867797759
136518113
275953126
720852639
5563824
344435226
888572728
849412675
160910755
672638324
135759061
502332522
187813269
182120715
853742885
657269899
85030462
671405598
825073353
164890578
15374341
103026494
20354893
489438341
360349336
936298210
993762227
246773879
822644293
893265025
44040851
314342577
164876024
232475299
