10
15978977
228583264
619110261
174201401
244528677
920147324
13720104
658370261
75299997
422433407
542288598
315197322
753989406
882137465
994584382
311269504
416080124
782256692
238833172
451401776
440500992
526044276
585474673
409994541
748941408
953368417
654892530
433148425
571429321
362218822
495361846
342604321
796946711
555047031
446493379
644866378
926276727
278085100
478925791
390890771
629766158
636969269
74189562
817351398
751360464
32404405
40989225
888841100
691943142
338535359
104480048
747640285
286898565
172943535
176113605
418824011
678917000
890429808
734078275
984449186
761013406
946672016
602835107
357247932
265881521
402982044
948854076
986583071
685170657
590194428
333155248
13715664
431857156
131508543
223028080
671792752
800199841
809868177
791287287
477233140
409502507
755379067
342912916
88558267
562640876
593906769
966036303
641482001
611051706
432809894
508896190
547126095
667295559
602351178
748159454
540203023
736219193
537733365
208482046
73092306
686425601
487171635
294682178
715500803
608764676
867642035
719590169
374634614
669011829
84392157
990947044
951078308
290707701
646230059
29740953
874157927
861896020
6531107
220983895
9005609
430704116
594057143
8149614
290553188
325252301
24536284
525749284
484551242
732589005
262852710
536368904
508400596
418633771
364413830
887903290
133272226
849007359
93277179
273893005
907531808
708513642
258700368
459194545
494374336
459306469
526984760
139160459
460158912
718348367
64031037
196963001
419381249
179691272
79163475
276907590
939008958
278794477
608073369
999826717
552581313
957472902
329784159
20173439
663760653
364527048
127292589
330273091
23297628
327097070
363503610
391686559
225336191
447583752
322487231
708787232
853162228
874867108
327863090
722675369
187900084
152413641
430581971
131663876
163872520
611504201
722740687
834930315
174116137
668630062
134997282
848825596
584149134
753381022
988793545
154659710
353577388
833187880
282780499
824974064
102837211
399108768
230994552
580405145
865969511
718676081
698906632
809160481
95066823
827385863
134662493
570831114
71405385
978178861
128965250
881004149
775427533
428247565
510809004
929608744
766672288
912412225
715752212
731405303
729202244
255128841
89808685
527383431
160081548
490216563
188579005
632995497
581682641
849481158
129994658
883882399
811493855
864367019
612467017
143182754
821148314
300988042
99132467
991242868
317748219
205193992
605477695
581465970
434590410
644828612
243444362
431929735
126662680
832959929
810531530
792955148
455400727
770360238
120916288
681491972
881371101
601588925
794690318
903516921
711650185
82885383
744246311
910978540
181468415
638580393
472846013
806910463
946994923
806690866
827340050
646293190
77695030
728476705
955049534
173364568
984800390
452738012
350731971
28364391
878202961
358060871
744112928
115987798
305367203
210787694
230187221
547245717
614583625
876476791
804892501
604883130
489967337
226929959
216361945
648890891
510820641
757450786
940934201
996333696
301801181
304287453
587098795
224990552
902426401
248313835
823137509
428002123
872095312
1343240
846230628
120312204
607413510
464236854
332987028
395976958
161682707
128281524
510596324
464915647
928852398
155449793
647888835
282937859
864611087
183480560
441344485
410903977
128606715
101212477
547369044
908317047
263754807
811344493
953494316
207918845
956025317
822216670
921178785
182197440
329760952
75760191
599561567
209037885
738614471
288130642
88506529
233057839
366586349
889396141
146236943
799729852
791232984
226701984
773560311
759394540
475757755
98261040
992915356
519091964
398668735
30133939
293780720
119498267
117505203
239431388
533829334
752824921
222940184
99946404
832185588
10498790
230510335
40091894
921019672
551356558
45759182
512113008
25517670
700707786
763004754
26526247
40639215
67469783
760431494
151440954
340886546
562161199
419747303
612305513
82875387
589932314
606482995
742191620
243415816
509450605
95413782
1726290
650960919
24735880
53120465
291371171
970224885
831976657
90748539
641152322
861412097
6370036
981842443
406565606
971111365
653275635
260450862
510094654
863799309
712302966
213004264
955815133
95750366
973685089
801908965
742285518
391888368
234593859
574667120
167126964
449495294
519653234
915320565
804377479
512076626
239748780
279704168
240285805
605141664
414414988
279028985
349888747
269360259
977488008
499615200
447139980
286615355
791176286
662676304
281459782
212263550
392841727
969641884
85761478
429775324
173563449
116350681
225916164
559518953
978540746
73714896
758349719
416427055
177622091
346302803
640059233
126267426
818030543
83063938
627236965
694298549
297473458
755086610
20948987
528199734
263690289
792592534
55477496
378863537
848867434
791702971
578086353
150937031
644411196
450142656
765472078
586938012
795753751
501024776
585496511
835836031
316545403
837166461
642781731
187250071
150772889
831014497
76773726
351747847
201960825
33823152
233185797
773762967
842313643
590019603
882134755
635090816
171322954
385318939
79059994
158346923
350189285
649842093
14162173
733493543
586415748
720929669
356409325
882062992
406558289
941171142
712423897
955746623
370790389
220005680
44496897
864388589
850817516
73859448
959888736
358336784
543934691
460858134
997557830
720888717
250645203
125972265
195741510
16441347
342272358
971762656
390646612
65365378
746005206
187041055
307323314
811179707
35801932
562103659
141962337
141296679
658379643
178325296
29305526
387922067
120689738
710115884
899081984
876803799
77683378
977161538
53254907
20950862
687663722
767258654
798090728
575666908
551994869
880341295
613212045
7770787
212358951
351190493
784846234
959614207
778791894
466374810
632170979
272075435
266705356
693019028
891585730
313719591
92798816
392578681
341503028
878743607
242248540
792302958
894022475
926715990
671838864
453754073
233922929
341027000
124857976
145503419
14122180
796577078
386249620
263069450
691419802
978819362
486732984
902306735
280670154
561966925
778668448
621956661
349211711
24998252
161562530
706913727
189900612
162659911
916737697
918645694
982907143
325755939
228087975
540894416
812889319
702051542
825793548
710112183
61712757
480682474
527145622
147304553
362643086
915732882
597655422
833350926
164531883
395658083
866508310
994272427
802315679
252521024
846688381
873014529
300786679
175138375
104798679
895166256
56038237
475901928
417854232
637404861
207584199
736563627
984440839
580736343
832889289
718960163
783235165
302920803
870414947
854917559
854489182
514000719
669718311
40016199
327501934
695290829
480391509
788929146
808912978
187241687
640391794
91856031
547829865
503348997
783283198
341722999
616371981
386490654
183885687
341363824
337951948
487835354
486627343
262306785
155733149
636246863
906266267
27825488
741455789
181109686
760123177
478863660
948893141
920655275
644587180
333259167
870832223
677218516
584472164
691695883
659154552
100143740
474577453
524106917
104180100
355446432
451090618
699892138
333096391
792996529
272357248
339233760
995848366
110018709
413183399
619472739
916416374
771280926
474593423
419287148
266222745
256607383
593185878
37557798
537092792
224312703
630932404
632077994
312381920
38649928
488344903
257203694
83455544
389697948
453923609
312884818
935775700
336325256
135290362
392611365
939001575
467460061
973391626
931760584
755184958
82933859
291871714
280202832
708461232
471769553
319606084
510697800
419682567
147757077
577639042
64611482
942574880
263351622
711225868
840344796
332100699
576932758
222625707
733288176
359227496
324164864
170312798
980411567
470544903
317570167
421422624
818193587
904357086
669919179
348078173
143555313
685497745
184781144
139403673
322917255
54048651
567941458
252591011
451710164
739076334
608359170
847090384
711628605
34383331
281597548
72492233
734806794
859685087
330475631
903980555
904520575
897818929
979426649
231610436
682186440
220641958
29081315
739821202
58114988
862762017
589547453
783065334
135265454
845150487
288894640
177956770
348840099
76475257
709641090
454743271
399354721
915512411
943834954
670925688
455837003
211239727
640573993
960715396
178030937
296326070
613126913
601143860
69399449
305013394
417895970
321230717
198892350
856338572
706203699
197347627
382513463
67957877
575408650
692095415
712700274
724885023
392449714
976537931
418739115
588564137
92184818
350447496
161534937
640817696
370202388
58454425
55289674
882752234
547774701
919464293
598194651
338608002
252933855
5272846
716491429
938597621
777333400
917393221
59592394
916735059
669320347
811399059
509701987
88993456
709306897
123901266
280984189
269479523
772198789
6162212
79808410
993541169
278744119
297136409
823849381
376875025
727634874
185598832
932912289
195604816
690613108
563659528
753815045
1737740
532419393
124287913
524438816
578314806
188424862
758463366
255378007
590506158
191963272
772282776
137449213
827390437
583492297
707370732
809785488
713998152
893085064
165595921
820932681
519839018
99521313
12227125
804719720
815097878
715228097
246887629
199932649
131025621
357412332
822266675
310745640
951354226
935380972
971408875
37565982
538409754
725926081
704303401
312158566
90097537
21797977
755616017
644651481
55407364
224138754
224258713
866835343
705001487
351235271
84890784
538194014
410874484
733336605
295551656
303910289
920074804
418877166
729230521
258115796
166354851
155132775
359481260
341246971
698216580
731532489
528188529
744143350
81358268
341050284
470496955
817567624
386890393
602059893
769193471
824127574
953301228
497831514
7609065
490037043
42174969
815843536
337854702
699672669
363332131
835412784
53927028
64602506
213920633
400539428
242477689
835484669
160919185
51552556
581522880
964803052
46836404
522605445
687978879
758221309
623942005
141548947
969309190
23368992
264396318
373450515
215411253
942101300
468321952
478649889
786942808
695703571
518988987
95370668